# time(ps)   RMSD(Ang)   MSD(Ang^2)
0.000000000000000000e+00 0.000000000000000000e+00 0.000000000000000000e+00
1.000000000000000021e-03 2.181170841072199162e-01 4.757506237943604638e-02
2.000000000000000042e-03 2.810268681379607947e-01 7.897610061543079707e-02
3.000000000000000062e-03 3.750312553272836524e-01 1.406484424723582205e-01
4.000000000000000083e-03 5.237642168933286380e-01 2.743289548978818382e-01
5.000000000000000104e-03 6.117318614729941872e-01 3.742158703412145626e-01
6.000000000000000125e-03 7.626345248909827124e-01 5.816114185556948701e-01
7.000000000000000146e-03 9.557250792804912187e-01 9.134104271657013108e-01
8.000000000000000167e-03 1.107999992213374751e+00 1.227663982744838345e+00
9.000000000000001055e-03 1.229065014205789286e+00 1.510600809144676981e+00
1.000000000000000021e-02 1.316468452776731413e+00 1.733089187156361177e+00
1.099999999999999936e-02 1.347298813812638940e+00 1.815214093700944220e+00
1.200000000000000025e-02 1.466080814108192909e+00 2.149392953496141789e+00
1.300000000000000114e-02 1.564663517174080143e+00 2.448171921975563325e+00
1.400000000000000029e-02 1.577629634787773849e+00 2.488915264560604523e+00
1.499999999999999944e-02 1.652697103749048546e+00 2.731407716740493541e+00
1.600000000000000033e-02 1.720710852967237692e+00 2.960845839519238520e+00
1.700000000000000122e-02 1.674572858326999203e+00 2.804194257845455951e+00
1.800000000000000211e-02 1.706889330098507740e+00 2.913471185204132841e+00
1.899999999999999953e-02 1.761134038314427386e+00 3.101593100909683098e+00
2.000000000000000042e-02 1.748116051660947745e+00 3.055909730074661379e+00
2.100000000000000130e-02 1.799039539876241545e+00 3.236543266038119260e+00
2.199999999999999872e-02 1.782772366954047172e+00 3.178277312374935715e+00
2.299999999999999961e-02 1.801929375879739448e+00 3.246949475658347684e+00
2.400000000000000050e-02 1.810598533544882649e+00 3.278267049674879363e+00
2.500000000000000139e-02 1.879647321884568179e+00 3.533074054667829866e+00
2.600000000000000228e-02 1.931794161685453259e+00 3.731828683122003554e+00
2.699999999999999969e-02 1.965956838714787436e+00 3.864986291689440634e+00
2.800000000000000058e-02 2.100157419343566811e+00 4.410661186023831171e+00
2.900000000000000147e-02 2.128630860912368750e+00 4.531069342028533065e+00
2.999999999999999889e-02 2.229600575513493332e+00 4.971118726330099769e+00
3.099999999999999978e-02 2.269839365182275248e+00 5.152170743731073976e+00
3.200000000000000067e-02 2.346628649894001661e+00 5.506666020503344861e+00
3.300000000000000155e-02 2.377621035561509721e+00 5.653081788744586333e+00
3.400000000000000244e-02 2.379254727135106773e+00 5.660853056594750576e+00
3.500000000000000333e-02 2.403243550242746718e+00 5.775579561783362514e+00
3.600000000000000422e-02 2.338632065171581065e+00 5.469199936248695160e+00
3.699999999999999817e-02 2.234165589067933944e+00 4.991495879375269062e+00
3.799999999999999906e-02 2.131626845568844963e+00 4.543833008749784241e+00
3.899999999999999994e-02 2.073696789123968820e+00 4.300218373223057888e+00
4.000000000000000083e-02 2.055660876883211863e+00 4.225741640748254646e+00
4.100000000000000172e-02 2.079983097457927421e+00 4.326329685710674333e+00
4.200000000000000261e-02 2.174498581194240998e+00 4.728444079615766960e+00
4.300000000000000350e-02 2.154960730063668173e+00 4.643855748116537896e+00
4.399999999999999745e-02 2.119911688045389653e+00 4.494025565111454235e+00
4.499999999999999833e-02 2.168219974503651226e+00 4.701177857836613683e+00
4.599999999999999922e-02 2.089525526043039427e+00 4.366116923985440046e+00
4.700000000000000011e-02 2.096004580858745747e+00 4.393235202980846132e+00
4.800000000000000100e-02 2.114996894911982839e+00 4.473211865487328076e+00
4.900000000000000189e-02 2.134623400539091165e+00 4.556617062129073581e+00
5.000000000000000278e-02 2.111006760965285611e+00 4.456349544841145871e+00
5.100000000000000366e-02 2.041095460890074431e+00 4.166070680466066101e+00
5.200000000000000455e-02 1.954360363591166827e+00 3.819524430776198187e+00
5.299999999999999850e-02 1.887453467979390620e+00 3.562480593787428429e+00
5.399999999999999939e-02 1.948762036584824386e+00 3.797673475234232043e+00
5.500000000000000028e-02 1.969081380706383611e+00 3.877281483844557730e+00
5.600000000000000117e-02 1.995572613414277496e+00 3.982310055409089333e+00
5.700000000000000205e-02 2.050821771615440436e+00 4.205869938931893870e+00
5.800000000000000294e-02 2.164986422555490897e+00 4.687166209849621623e+00
5.900000000000000383e-02 2.181042547343493787e+00 4.756946593322595618e+00
5.999999999999999778e-02 2.207140100828688833e+00 4.871467424686074743e+00
6.099999999999999867e-02 2.123038909649372918e+00 4.507294211885197299e+00
6.199999999999999956e-02 2.120632306304464976e+00 4.497081378542193697e+00
6.300000000000000044e-02 2.076257380705495148e+00 4.310844710934042645e+00
6.400000000000000133e-02 2.139844823941847274e+00 4.578935870550715492e+00
6.500000000000000222e-02 2.186280699317880050e+00 4.779823296209879224e+00
6.600000000000000311e-02 2.320639074810490587e+00 5.385365715537290043e+00
6.700000000000000400e-02 2.421865563217014294e+00 5.865432806296465351e+00
6.800000000000000488e-02 2.466683895389408132e+00 6.084529439773464610e+00
6.900000000000000577e-02 2.552920727648276600e+00 6.517404241656206132e+00
7.000000000000000666e-02 2.512495447587794306e+00 6.312633374149391408e+00
7.100000000000000755e-02 2.575917437141590938e+00 6.635350642970101909e+00
7.200000000000000844e-02 2.644580696328453495e+00 6.993807059393088110e+00
7.299999999999999545e-02 2.719069372031239773e+00 7.393338249918360638e+00
7.399999999999999634e-02 2.838726859548091674e+00 8.058370183119771823e+00
7.499999999999999722e-02 2.893535913861099207e+00 8.372550084803986437e+00
7.599999999999999811e-02 3.115805739165273813e+00 9.708245404215258390e+00
7.699999999999999900e-02 3.174916245445842833e+00 1.008009316559592605e+01
7.799999999999999989e-02 3.395601145405073851e+00 1.153010713867624837e+01
7.900000000000000078e-02 3.455596018402544711e+00 1.194114384239951931e+01
8.000000000000000167e-02 3.460144259237414754e+00 1.197259829473363801e+01
8.100000000000000255e-02 3.505768045980778513e+00 1.229040959221988594e+01
8.200000000000000344e-02 3.503912767786555360e+00 1.227740468425763787e+01
8.300000000000000433e-02 3.581720555275438755e+00 1.282872213608259848e+01
8.400000000000000522e-02 3.501885618793039168e+00 1.226320288710950557e+01
8.500000000000000611e-02 3.567050445248777901e+00 1.272384887894950545e+01
8.600000000000000699e-02 3.485500526086495299e+00 1.214871391734923556e+01
8.700000000000000788e-02 3.539007060103433577e+00 1.252457097146194798e+01
8.799999999999999489e-02 3.574285994244756903e+00 1.277552036865422913e+01
8.899999999999999578e-02 3.529546528450161258e+00 1.245769869649458350e+01
8.999999999999999667e-02 3.570027505129388157e+00 1.274509638738036266e+01
9.099999999999999756e-02 3.515406128904073668e+00 1.235808025113632347e+01
9.199999999999999845e-02 3.548062137038548336e+00 1.258874492828655001e+01
9.299999999999999933e-02 3.409191725832740438e+00 1.162258822348641907e+01
9.400000000000000022e-02 3.402795690194289069e+00 1.157901850920482723e+01
9.500000000000000111e-02 3.355705839800742218e+00 1.126076168327280591e+01
9.600000000000000200e-02 3.281035275306370735e+00 1.076519247780475119e+01
9.700000000000000289e-02 3.266335101594660006e+00 1.066894499590939915e+01
9.800000000000000377e-02 3.211159648235068609e+00 1.031154628645317040e+01
9.900000000000000466e-02 3.270271191541707978e+00 1.069467366622762228e+01
1.000000000000000056e-01 3.178770937337288327e+00 1.010458467206018263e+01
1.010000000000000064e-01 3.103544092204582494e+00 9.631985932257967065e+00
1.020000000000000073e-01 3.038094907703166481e+00 9.230020668211910362e+00
1.030000000000000082e-01 3.036556928511235487e+00 9.220677980089588388e+00
1.040000000000000091e-01 3.052625010719532739e+00 9.318519456070426088e+00
1.049999999999999961e-01 3.021098275945916622e+00 9.127034792923391038e+00
1.059999999999999970e-01 3.103980694230008108e+00 9.634696150152603167e+00
1.069999999999999979e-01 3.160323554738663443e+00 9.987644970636020858e+00
1.079999999999999988e-01 3.374722376488287878e+00 1.138875111837075771e+01
1.089999999999999997e-01 3.450834904778231849e+00 1.190826154003578807e+01
1.100000000000000006e-01 3.494791682244724917e+00 1.221356890228691405e+01
1.110000000000000014e-01 3.529062203061545056e+00 1.245428003307760711e+01
1.120000000000000023e-01 3.495571231229946285e+00 1.221901823260244413e+01
1.130000000000000032e-01 3.523835534892654220e+00 1.241741687697219909e+01
1.140000000000000041e-01 3.518558729613842306e+00 1.238025553374177434e+01
1.150000000000000050e-01 3.489326285161028718e+00 1.217539792431566603e+01
1.160000000000000059e-01 3.592357006576781586e+00 1.290502886270129324e+01
1.170000000000000068e-01 3.502789546996886827e+00 1.226953461055065553e+01
1.180000000000000077e-01 3.600567368163333448e+00 1.296408537268263395e+01
1.190000000000000085e-01 3.560976562288723724e+00 1.268055407716961724e+01
1.199999999999999956e-01 3.605860976031573628e+00 1.300223337846737159e+01
1.209999999999999964e-01 3.629874791885035368e+00 1.317599100476242846e+01
1.219999999999999973e-01 3.575797756805267902e+00 1.278632959757358556e+01
1.229999999999999982e-01 3.636279784517383540e+00 1.322253067128979076e+01
1.239999999999999991e-01 3.559447722550971083e+00 1.266966808957329427e+01
1.250000000000000000e-01 3.529148320158553176e+00 1.245488786567793760e+01
1.260000000000000009e-01 3.483781478278895172e+00 1.213673338839908489e+01
1.270000000000000018e-01 3.510277506252717394e+00 1.232204817090379656e+01
1.280000000000000027e-01 3.497214213530640325e+00 1.223050725532073635e+01
1.290000000000000036e-01 3.506512701790270636e+00 1.229563132781650303e+01
1.300000000000000044e-01 3.480061499229726074e+00 1.211082803842104738e+01
1.310000000000000053e-01 3.454811175089445907e+00 1.193572025552291827e+01
1.320000000000000062e-01 3.478724863606482476e+00 1.210152667667394155e+01
1.330000000000000071e-01 3.559137277466505989e+00 1.266745815985169088e+01
1.340000000000000080e-01 3.573479027843311950e+00 1.276975236243598033e+01
1.350000000000000089e-01 3.598616955552081720e+00 1.295004399278693263e+01
1.360000000000000098e-01 3.684412449042318016e+00 1.357489509465801092e+01
1.370000000000000107e-01 3.608964805967711520e+00 1.302462697071356068e+01
1.380000000000000115e-01 3.685560069982866782e+00 1.358335302945211431e+01
1.390000000000000124e-01 3.669058272587921721e+00 1.346198860764586414e+01
1.400000000000000133e-01 3.635341692237510802e+00 1.321570921932028853e+01
1.410000000000000142e-01 3.672495448213853653e+00 1.348722281715147453e+01
1.420000000000000151e-01 3.592231423986948169e+00 1.290412660347929830e+01
1.430000000000000160e-01 3.638845392355193997e+00 1.324119578946462639e+01
1.440000000000000169e-01 3.657996370043089751e+00 1.338093744324842049e+01
1.449999999999999900e-01 3.624076324508989977e+00 1.313392920586659152e+01
1.459999999999999909e-01 3.587258089373646541e+00 1.286842059977666430e+01
1.469999999999999918e-01 3.464569169427492934e+00 1.200323952974750874e+01
1.479999999999999927e-01 3.423649877516742990e+00 1.172137848382040914e+01
1.489999999999999936e-01 3.479114619639277262e+00 1.210423853658775251e+01
1.499999999999999944e-01 3.495049530082411593e+00 1.221537121772928458e+01
1.509999999999999953e-01 3.484442710800315535e+00 1.214134100484945122e+01
1.519999999999999962e-01 3.590985429110720606e+00 1.289517635208550494e+01
1.529999999999999971e-01 3.572648167226109006e+00 1.276381492678407703e+01
1.539999999999999980e-01 3.601248139843894247e+00 1.296898816472910987e+01
1.549999999999999989e-01 3.611247958470539476e+00 1.304111181755764015e+01
1.559999999999999998e-01 3.567142184149568074e+00 1.272450336193934994e+01
1.570000000000000007e-01 3.593289886175100367e+00 1.291173220608826711e+01
1.580000000000000016e-01 3.578697792312491632e+00 1.280707788870230068e+01
1.590000000000000024e-01 3.522260829842409180e+00 1.240632135344213793e+01
1.600000000000000033e-01 3.436787999352854506e+00 1.181151175249579488e+01
1.610000000000000042e-01 3.491467201604915527e+00 1.219034321988286074e+01
1.620000000000000051e-01 3.485920375331101884e+00 1.215164086314853087e+01
1.630000000000000060e-01 3.353451492785536114e+00 1.124563691446554081e+01
1.640000000000000069e-01 3.469398252953078465e+00 1.203672423759387300e+01
1.650000000000000078e-01 3.433665166900959242e+00 1.179005647838899229e+01
1.660000000000000087e-01 3.519236321122070521e+00 1.238502428390480503e+01
1.670000000000000095e-01 3.599703083288087413e+00 1.295786228783376259e+01
1.680000000000000104e-01 3.616549281783029812e+00 1.307942870756535036e+01
1.690000000000000113e-01 3.703815741920097881e+00 1.371825105009512491e+01
1.700000000000000122e-01 3.655756855522597437e+00 1.336455818670047080e+01
1.710000000000000131e-01 3.699634330258238180e+00 1.368729417762532385e+01
1.720000000000000140e-01 3.643173092012925274e+00 1.327271017836701894e+01
1.730000000000000149e-01 3.701189647462564736e+00 1.369880480648406262e+01
1.740000000000000158e-01 3.676872841765703281e+00 1.351939389451419693e+01
1.750000000000000167e-01 3.644113150355269060e+00 1.327956065259220431e+01
1.759999999999999898e-01 3.703023698066530311e+00 1.371238450844232126e+01
1.769999999999999907e-01 3.646049134367500333e+00 1.329367429022199865e+01
1.779999999999999916e-01 3.821127949748594599e+00 1.460101880834989707e+01
1.789999999999999925e-01 3.871414237283754112e+00 1.498784819664335011e+01
1.799999999999999933e-01 3.806154615809940633e+00 1.448681295945131531e+01
1.809999999999999942e-01 3.832567677485160473e+00 1.468857500250399717e+01
1.819999999999999951e-01 3.827098065047553455e+00 1.464667959949072618e+01
1.829999999999999960e-01 3.847408897035529574e+00 1.480255522098814858e+01
1.839999999999999969e-01 3.874374571195452699e+00 1.501077831792594885e+01
1.849999999999999978e-01 3.938310822042109027e+00 1.551029213101399229e+01
1.859999999999999987e-01 3.998689515252932480e+00 1.598951783939373250e+01
1.869999999999999996e-01 4.043062854061473033e+00 1.634635724189170247e+01
1.880000000000000004e-01 4.124146871753010757e+00 1.700858741979014255e+01
1.890000000000000013e-01 4.114707206018933583e+00 1.693081539126414015e+01
1.900000000000000022e-01 4.154750781982323282e+00 1.726195406038272395e+01
1.910000000000000031e-01 4.130850204197046516e+00 1.706392340951478204e+01
1.920000000000000040e-01 4.167081076610792856e+00 1.736456469904776512e+01
1.930000000000000049e-01 4.168029554813782234e+00 1.737247036980117443e+01
1.940000000000000058e-01 4.193628426854352220e+00 1.758651938252090829e+01
1.950000000000000067e-01 4.321139669232999303e+00 1.867224804101907765e+01
1.960000000000000075e-01 4.266907593949930799e+00 1.820650041530758756e+01
1.970000000000000084e-01 4.231449464819940331e+00 1.790516457332495648e+01
1.980000000000000093e-01 4.210195516153989459e+00 1.772574628424315790e+01
1.990000000000000102e-01 4.205893798641983317e+00 1.768954264545509503e+01
2.000000000000000111e-01 4.190438883276263127e+00 1.755977803447361296e+01
2.010000000000000120e-01 4.172205350816680536e+00 1.740729748938334254e+01
2.020000000000000129e-01 4.191139138063188163e+00 1.756564727460504116e+01
2.030000000000000138e-01 4.034080323566438864e+00 1.627380405698590593e+01
2.040000000000000147e-01 4.016767151981664341e+00 1.613441835323889251e+01
2.050000000000000155e-01 4.027982755421563255e+00 1.622464507797349142e+01
2.060000000000000164e-01 3.958399992897965181e+00 1.566893050377461094e+01
2.070000000000000173e-01 3.974507104560211168e+00 1.579670672419959310e+01
2.080000000000000182e-01 3.804023358025915513e+00 1.447059370840676173e+01
2.089999999999999913e-01 3.782656178557931348e+00 1.430848776518249110e+01
2.099999999999999922e-01 3.780849090904259580e+00 1.429481984819156537e+01
2.109999999999999931e-01 3.771719078222587562e+00 1.422586480502824458e+01
2.119999999999999940e-01 3.813934740800533962e+00 1.454609820708523671e+01
2.129999999999999949e-01 3.762202391401130885e+00 1.415416683386438734e+01
2.139999999999999958e-01 3.753384536145732753e+00 1.408789547617791804e+01
2.149999999999999967e-01 3.778418957306349135e+00 1.427644981693199888e+01
2.159999999999999976e-01 3.789285412375523521e+00 1.435868393644194008e+01
2.169999999999999984e-01 3.865406054910579758e+00 1.494136396933937228e+01
2.179999999999999993e-01 3.872284989697976521e+00 1.499459104144025723e+01
2.190000000000000002e-01 3.849504362909359045e+00 1.481868384005819195e+01
2.200000000000000011e-01 3.797923195768353466e+00 1.442422060095530334e+01
2.210000000000000020e-01 3.811458875268409763e+00 1.452721875786233063e+01
2.220000000000000029e-01 3.898741525214140857e+00 1.520018548042908435e+01
2.230000000000000038e-01 3.937047328349491337e+00 1.550034166566386595e+01
2.240000000000000047e-01 3.940593337832272169e+00 1.552827585416808809e+01
2.250000000000000056e-01 3.979838155256898435e+00 1.583911174203863226e+01
2.260000000000000064e-01 4.011062963641351509e+00 1.608862609829533952e+01
2.270000000000000073e-01 4.019277768177357046e+00 1.615459377776475947e+01
2.280000000000000082e-01 3.940917004680327462e+00 1.553082683777856410e+01
2.290000000000000091e-01 3.888881417360198878e+00 1.512339867828947071e+01
2.300000000000000100e-01 3.791178942499314530e+00 1.437303777405021954e+01
2.310000000000000109e-01 3.610487221424789617e+00 1.303561797607169837e+01
2.320000000000000118e-01 3.563598223806899057e+00 1.269923230071968590e+01
2.330000000000000127e-01 3.576977283761511472e+00 1.279476648854588205e+01
2.340000000000000135e-01 3.668966318540052729e+00 1.346131384658134778e+01
2.350000000000000144e-01 3.661275826228238106e+00 1.340494067572326742e+01
2.360000000000000153e-01 3.610357518346535954e+00 1.303468141028135641e+01
2.370000000000000162e-01 3.581870160180838703e+00 1.282979384439390635e+01
2.380000000000000171e-01 3.587054883656706661e+00 1.286696273836543014e+01
2.390000000000000180e-01 3.581354513510984994e+00 1.282610015144550353e+01
2.399999999999999911e-01 3.381848331745245240e+00 1.143689813892809859e+01
2.409999999999999920e-01 3.354360643973848255e+00 1.125173532984064906e+01
2.419999999999999929e-01 3.295949821242109223e+00 1.086328522414589237e+01
2.429999999999999938e-01 3.259451551138892178e+00 1.062402441422173105e+01
2.439999999999999947e-01 3.259033963646472909e+00 1.062130237620124085e+01
2.449999999999999956e-01 3.176030618520827353e+00 1.008717048978178887e+01
2.459999999999999964e-01 3.308517474743736475e+00 1.094628788068466996e+01
2.469999999999999973e-01 3.166660172980415133e+00 1.002773665114035317e+01
2.479999999999999982e-01 3.125374976398696436e+00 9.767968743099153528e+00
2.489999999999999991e-01 3.076600941656477239e+00 9.465473354201522582e+00
2.500000000000000000e-01 2.998055256914815558e+00 8.988335323514561992e+00
2.510000000000000009e-01 3.075968779138547937e+00 9.461583930235089923e+00
2.520000000000000018e-01 2.927288975687570627e+00 8.569020747181985698e+00
2.530000000000000027e-01 2.946792116698982333e+00 8.683583779039269146e+00
2.540000000000000036e-01 2.933688185364349721e+00 8.606526368946370908e+00
2.550000000000000044e-01 2.881983315959743219e+00 8.305827833470317501e+00
2.560000000000000053e-01 2.823082101528517462e+00 7.969792551970670935e+00
2.570000000000000062e-01 2.841101694014681822e+00 8.071858835733094040e+00
2.580000000000000071e-01 2.823610149426383220e+00 7.972774275943681488e+00
2.590000000000000080e-01 2.755452427860284992e+00 7.592518082201139329e+00
2.600000000000000089e-01 2.678116506093033422e+00 7.172308020207956325e+00
2.610000000000000098e-01 2.624407639353800725e+00 6.887515457498589733e+00
2.620000000000000107e-01 2.598605849211727215e+00 6.752752359557402606e+00
2.630000000000000115e-01 2.562825911116139554e+00 6.568076650688269957e+00
2.640000000000000124e-01 2.541050089317665073e+00 6.456935556421313116e+00
2.650000000000000133e-01 2.413970839654306921e+00 5.827255214701319908e+00
2.660000000000000142e-01 2.403757194955845389e+00 5.778048652301994714e+00
2.670000000000000151e-01 2.381342686087617455e+00 5.670792988582988414e+00
2.680000000000000160e-01 2.421231831624008901e+00 5.862363582469352075e+00
2.690000000000000169e-01 2.411415245731443946e+00 5.814923487346040254e+00
2.700000000000000178e-01 2.412016236242986444e+00 5.817822323899782155e+00
2.710000000000000187e-01 2.425820817931829687e+00 5.884606640711450787e+00
2.720000000000000195e-01 2.417586574550078637e+00 5.844724845444782879e+00
2.730000000000000204e-01 2.506042213584040557e+00 6.280247576265197473e+00
2.740000000000000213e-01 2.528008437249231299e+00 6.390826658803301363e+00
2.750000000000000222e-01 2.566510317275948250e+00 6.586975208683888638e+00
2.760000000000000231e-01 2.591755981163779143e+00 6.717199065898224575e+00
2.770000000000000240e-01 2.508933646239525306e+00 6.294748041232760549e+00
2.780000000000000249e-01 2.517440709504013885e+00 6.337507725868071873e+00
2.790000000000000258e-01 2.531563604026402903e+00 6.408814281231149046e+00
2.800000000000000266e-01 2.681468520148786894e+00 7.190273424548926151e+00
2.810000000000000275e-01 2.699419864327690544e+00 7.286867603926926229e+00
2.820000000000000284e-01 2.727630077085662741e+00 7.439965837422339412e+00
2.830000000000000293e-01 2.770195359727052775e+00 7.673982331053294637e+00
2.840000000000000302e-01 2.815979914382585214e+00 7.929742878206151424e+00
2.850000000000000311e-01 2.840246864337514054e+00 8.067002250379081474e+00
2.860000000000000320e-01 2.827687713832409688e+00 7.995817806958760876e+00
2.870000000000000329e-01 2.821668679980044114e+00 7.961814139580325467e+00
2.880000000000000338e-01 2.864731719456507175e+00 8.206687824460235703e+00
2.889999999999999791e-01 2.902330600381464620e+00 8.423522913910632681e+00
2.899999999999999800e-01 2.882027022063392785e+00 8.306079755903587269e+00
2.909999999999999809e-01 2.937198991282139904e+00 8.627137914388820050e+00
2.919999999999999818e-01 2.966197609786093814e+00 8.798328260300735337e+00
2.929999999999999827e-01 2.934165555092472566e+00 8.609327504691117738e+00
2.939999999999999836e-01 3.015133723514305419e+00 9.091031370673240630e+00
2.949999999999999845e-01 3.008373643363911665e+00 9.050311978086655884e+00
2.959999999999999853e-01 3.039937500279190186e+00 9.241220005603690169e+00
2.969999999999999862e-01 3.078046647339638398e+00 9.474371163198789247e+00
2.979999999999999871e-01 3.115896418286793867e+00 9.708810489492471163e+00
2.989999999999999880e-01 3.136289778068882317e+00 9.836313572019358631e+00
2.999999999999999889e-01 3.057306722357544082e+00 9.347124394572627892e+00
3.009999999999999898e-01 3.118621647112099993e+00 9.725800977836186689e+00
3.019999999999999907e-01 3.096395197079272688e+00 9.587663216495586838e+00
3.029999999999999916e-01 3.136189390592766024e+00 9.835683893666624655e+00
3.039999999999999925e-01 3.162578119295444079e+00 1.000190036064630839e+01
3.049999999999999933e-01 3.201214555569816156e+00 1.024777463079205653e+01
3.059999999999999942e-01 3.214389700487086277e+00 1.033230114659746057e+01
3.069999999999999951e-01 3.220663246916998013e+00 1.037267175004194009e+01
3.079999999999999960e-01 3.242378247598467045e+00 1.051301670049970483e+01
3.089999999999999969e-01 3.215026976524799629e+00 1.033639845978219363e+01
3.099999999999999978e-01 3.160878269188116096e+00 9.991151432625660078e+00
3.109999999999999987e-01 3.121018742352182240e+00 9.740757990113598552e+00
3.119999999999999996e-01 3.095323460718695685e+00 9.581027326475563655e+00
3.130000000000000004e-01 3.085563167335964252e+00 9.520700059620347488e+00
3.140000000000000013e-01 3.110641125161965448e+00 9.676088209548899144e+00
3.150000000000000022e-01 3.132336720013358722e+00 9.811533327544047722e+00
3.160000000000000031e-01 3.189989700817010831e+00 1.017603429131860260e+01
3.170000000000000040e-01 3.189768296066401998e+00 1.017462178259035888e+01
3.180000000000000049e-01 3.189408601011538558e+00 1.017232722420637892e+01
3.190000000000000058e-01 3.191666250470021726e+00 1.018673345438936728e+01
3.200000000000000067e-01 3.152601787661250654e+00 9.938898031564914248e+00
3.210000000000000075e-01 3.136098152167091868e+00 9.835111620025848822e+00
3.220000000000000084e-01 3.144553181142526910e+00 9.888214709033585237e+00
3.230000000000000093e-01 3.122477834810540198e+00 9.749867828883120424e+00
3.240000000000000102e-01 3.068881150541344027e+00 9.418031516147964410e+00
3.250000000000000111e-01 3.034881688655162613e+00 9.210506864134410776e+00
3.260000000000000120e-01 3.072456689643867200e+00 9.439990109737349755e+00
3.270000000000000129e-01 2.981874707828075621e+00 8.891576773184771909e+00
3.280000000000000138e-01 2.951516511209019367e+00 8.711449715939462379e+00
3.290000000000000147e-01 2.939794033832982212e+00 8.642388961359998234e+00
3.300000000000000155e-01 2.882957317949367049e+00 8.311442897117807149e+00
3.310000000000000164e-01 2.992228127247183345e+00 8.953429165489184882e+00
3.320000000000000173e-01 2.987962429926216856e+00 8.927919482650581884e+00
3.330000000000000182e-01 2.977337435664627829e+00 8.864538205810021054e+00
3.340000000000000191e-01 3.064529914602891481e+00 9.391343597496005557e+00
3.350000000000000200e-01 3.039366247487410799e+00 9.237747186365705687e+00
3.360000000000000209e-01 2.999147264297182147e+00 8.994884312941271887e+00
3.370000000000000218e-01 3.022004529491981284e+00 9.132511376270050718e+00
3.380000000000000226e-01 3.128536836382497466e+00 9.787742736602204729e+00
3.390000000000000235e-01 3.172196540423433575e+00 1.006283089107439999e+01
3.400000000000000244e-01 3.074300349682246303e+00 9.451322640056380564e+00
3.410000000000000253e-01 3.048681817364328417e+00 9.294460823527865401e+00
3.420000000000000262e-01 3.062591123307513374e+00 9.379464388561975952e+00
3.430000000000000271e-01 3.000654800162327440e+00 9.003929229737217099e+00
3.440000000000000280e-01 3.049264932798689820e+00 9.298016630395798288e+00
3.450000000000000289e-01 2.900814990950088657e+00 8.414727611720763889e+00
3.460000000000000298e-01 2.918184452216987967e+00 8.515800497160961768e+00
3.470000000000000306e-01 2.866860400042486656e+00 8.218888553331767710e+00
3.480000000000000315e-01 2.859834923015238228e+00 8.178655786897573776e+00
3.490000000000000324e-01 2.834543992903304055e+00 8.034639647704205245e+00
3.500000000000000333e-01 2.811052139122192539e+00 7.902014128863453557e+00
3.510000000000000342e-01 2.829170785965560597e+00 8.004207336160988007e+00
3.519999999999999796e-01 2.714373363354287250e+00 7.367822755687265079e+00
3.529999999999999805e-01 2.695850898868640932e+00 7.267612068930858094e+00
3.539999999999999813e-01 2.723380123532275210e+00 7.416799297250669554e+00
3.549999999999999822e-01 2.652009058046699508e+00 7.033152043961742983e+00
3.559999999999999831e-01 2.712297312153918671e+00 7.356556709517371395e+00
3.569999999999999840e-01 2.652069098561568694e+00 7.033470503545172114e+00
3.579999999999999849e-01 2.618479682523533469e+00 6.856435847788543647e+00
3.589999999999999858e-01 2.662285912450859993e+00 7.087766279634308830e+00
3.599999999999999867e-01 2.558777076839233722e+00 6.547340128957933381e+00
3.609999999999999876e-01 2.578179341627844678e+00 6.647008717596587068e+00
3.619999999999999885e-01 2.544121881651494554e+00 6.472556148697941047e+00
3.629999999999999893e-01 2.615242795271231824e+00 6.839494878218085994e+00
3.639999999999999902e-01 2.605733081478034396e+00 6.789844891909012858e+00
3.649999999999999911e-01 2.537232079800932016e+00 6.437546626770963343e+00
3.659999999999999920e-01 2.599881144421854362e+00 6.759381965120290658e+00
3.669999999999999929e-01 2.537775667313057593e+00 6.440305337606235803e+00
3.679999999999999938e-01 2.570514031588799764e+00 6.607542386594904116e+00
3.689999999999999947e-01 2.550411464044774590e+00 6.504598635931011508e+00
3.699999999999999956e-01 2.489180511513263472e+00 6.196019618897431691e+00
3.709999999999999964e-01 2.497802344281152997e+00 6.239016551096423946e+00
3.719999999999999973e-01 2.502712456293218146e+00 6.263569638885233104e+00
3.729999999999999982e-01 2.485752302149796034e+00 6.178964507643011750e+00
3.739999999999999991e-01 2.512122165389534256e+00 6.310757773841403129e+00
3.750000000000000000e-01 2.530756871711066225e+00 6.404730343712781604e+00
3.760000000000000009e-01 2.553381289726492920e+00 6.519756010725328288e+00
3.770000000000000018e-01 2.530563238957381778e+00 6.403750306362475442e+00
3.780000000000000027e-01 2.521417611092336308e+00 6.357546769526583041e+00
3.790000000000000036e-01 2.595261566649472940e+00 6.735382599327877529e+00
3.800000000000000044e-01 2.574462812586066018e+00 6.627858773388557445e+00
3.810000000000000053e-01 2.670523116501331895e+00 7.131693715767987385e+00
3.820000000000000062e-01 2.686963840917020008e+00 7.219774682395545540e+00
3.830000000000000071e-01 2.705929137638794835e+00 7.322052497922631353e+00
3.840000000000000080e-01 2.715223190829076927e+00 7.372436976016032872e+00
3.850000000000000089e-01 2.737359730331299978e+00 7.493138293239447911e+00
3.860000000000000098e-01 2.724883203603478687e+00 7.424988473280357049e+00
3.870000000000000107e-01 2.740838502364769003e+00 7.512195696045149695e+00
3.880000000000000115e-01 2.766731487349702423e+00 7.654803123092296602e+00
3.890000000000000124e-01 2.805639127391157839e+00 7.871610913148217925e+00
3.900000000000000133e-01 2.749579336375335803e+00 7.560186527022231040e+00
3.910000000000000142e-01 2.782174831828072126e+00 7.740496794857562257e+00
3.920000000000000151e-01 2.806757340770110520e+00 7.877886769966901959e+00
3.930000000000000160e-01 2.763896794357201703e+00 7.639125489858016316e+00
3.940000000000000169e-01 2.763794283909673855e+00 7.638558843771786400e+00
3.950000000000000178e-01 2.746728085523046037e+00 7.544515175801098650e+00
3.960000000000000187e-01 2.711813677977264359e+00 7.353933424064578617e+00
3.970000000000000195e-01 2.698251977815989022e+00 7.280563735787896285e+00
3.980000000000000204e-01 2.732489731571461355e+00 7.466500133143477491e+00
3.990000000000000213e-01 2.692044548693775408e+00 7.247103852151872694e+00
4.000000000000000222e-01 2.796515888706248454e+00 7.820501115786498758e+00
4.010000000000000231e-01 2.823322764991369915e+00 7.971151435318514444e+00
4.020000000000000240e-01 2.717105001716156654e+00 7.382659590350955092e+00
4.030000000000000249e-01 2.743272893498748477e+00 7.525546168204996000e+00
4.040000000000000258e-01 2.753074359520078840e+00 7.579418429046891781e+00
4.050000000000000266e-01 2.773011126033514184e+00 7.689590705105658230e+00
4.060000000000000275e-01 2.709040968015769213e+00 7.338902966387816029e+00
4.070000000000000284e-01 2.719688947517482358e+00 7.396707971248751790e+00
4.080000000000000293e-01 2.779992901539255712e+00 7.728360532608649969e+00
4.090000000000000302e-01 2.763964803806060022e+00 7.639501436678671986e+00
4.100000000000000311e-01 2.781044719441447821e+00 7.734209731533160159e+00
4.110000000000000320e-01 2.811019706382906769e+00 7.901831789673043893e+00
4.120000000000000329e-01 2.792711158419846740e+00 7.799235614362721947e+00
4.130000000000000338e-01 2.876661539406719648e+00 8.275181612301837575e+00
4.140000000000000346e-01 2.874610995022151005e+00 8.263388372702241469e+00
4.150000000000000355e-01 2.820443842564652748e+00 7.954903469060862875e+00
4.160000000000000364e-01 2.905068830884689035e+00 8.439424912177733162e+00
4.169999999999999818e-01 2.856303425077491909e+00 8.158469256109411205e+00
4.179999999999999827e-01 2.835199846317147276e+00 8.038358168556776207e+00
4.189999999999999836e-01 2.797948116495205362e+00 7.828513662599067224e+00
4.199999999999999845e-01 2.726812655247496053e+00 7.435507256817899702e+00
4.209999999999999853e-01 2.664382701205038284e+00 7.098935178480655139e+00
4.219999999999999862e-01 2.569920777084508057e+00 6.604492800490642246e+00
4.229999999999999871e-01 2.593165380873482473e+00 6.724506692560713539e+00
4.239999999999999880e-01 2.543623357598533197e+00 6.470019785320835659e+00
4.249999999999999889e-01 2.489125504259536825e+00 6.195745775955292522e+00
4.259999999999999898e-01 2.431148078231434528e+00 5.910480978288396692e+00
4.269999999999999907e-01 2.390737776522262603e+00 5.715627116090611359e+00
4.279999999999999916e-01 2.343447089716985676e+00 5.491744262303009272e+00
4.289999999999999925e-01 2.226471313194587687e+00 4.957174508478431996e+00
4.299999999999999933e-01 2.149909296291981242e+00 4.622109982282682772e+00
4.309999999999999942e-01 2.059203483807403146e+00 4.240318987724545963e+00
4.319999999999999951e-01 2.064515975876151099e+00 4.262226214647856892e+00
4.329999999999999960e-01 1.983617250663718190e+00 3.934737397130688041e+00
4.339999999999999969e-01 1.985087327816692726e+00 3.940571699058418087e+00
4.349999999999999978e-01 1.967636617247418007e+00 3.871593857532861893e+00
4.359999999999999987e-01 1.970709869281838333e+00 3.883697388884840063e+00
4.369999999999999996e-01 1.985630476488599250e+00 3.942728389160341518e+00
4.380000000000000004e-01 1.926365851750978297e+00 3.710885394792272418e+00
4.390000000000000013e-01 1.877745566142327460e+00 3.525928411167170040e+00
4.400000000000000022e-01 1.825274004843178588e+00 3.331625192756255682e+00
4.410000000000000031e-01 1.804911709715624424e+00 3.257706279868578303e+00
4.420000000000000040e-01 1.796254641640691041e+00 3.226530737615727062e+00
4.430000000000000049e-01 1.798841293301071342e+00 3.235829998485070913e+00
4.440000000000000058e-01 1.813022894383741201e+00 3.287052015559598583e+00
4.450000000000000067e-01 1.769230739556284737e+00 3.130177409790877885e+00
4.460000000000000075e-01 1.839956039319685210e+00 3.385438226628982861e+00
4.470000000000000084e-01 1.894616065597120480e+00 3.589570036018712162e+00
4.480000000000000093e-01 1.929105144928901616e+00 3.721446660191158440e+00
4.490000000000000102e-01 1.986144669377154504e+00 3.944770647695285959e+00
4.500000000000000111e-01 2.002836254904458713e+00 4.011353063959718135e+00
4.510000000000000120e-01 2.106044595147644305e+00 4.435423836750604920e+00
4.520000000000000129e-01 2.083876396392460251e+00 4.342540835441626612e+00
4.530000000000000138e-01 2.187974474660122404e+00 4.787232301764237974e+00
4.540000000000000147e-01 2.207423103588985303e+00 4.872716758258427205e+00
4.550000000000000155e-01 2.216050815577423450e+00 4.910881217221364281e+00
4.560000000000000164e-01 2.282892475308457847e+00 5.211598053819977316e+00
4.570000000000000173e-01 2.259964270253890906e+00 5.107438502824201088e+00
4.580000000000000182e-01 2.263173135878595144e+00 5.121952642962553703e+00
4.590000000000000191e-01 2.300037588617516615e+00 5.290172909053480588e+00
4.600000000000000200e-01 2.281841778391840769e+00 5.206801901614437789e+00
4.610000000000000209e-01 2.255067343911570710e+00 5.085328725576386155e+00
4.620000000000000218e-01 2.272163440805186951e+00 5.162726701731665813e+00
4.630000000000000226e-01 2.347484309872081898e+00 5.510682585095604047e+00
4.640000000000000235e-01 2.339261368318922507e+00 5.472143749309317684e+00
4.650000000000000244e-01 2.362448506629561074e+00 5.581162946476243114e+00
4.660000000000000253e-01 2.465424908894159994e+00 6.078319981395776672e+00
4.670000000000000262e-01 2.438194680271390968e+00 5.944793298903710443e+00
4.680000000000000271e-01 2.435617872250266380e+00 5.932234419624915489e+00
4.690000000000000280e-01 2.494223868931227273e+00 6.221152708346259885e+00
4.700000000000000289e-01 2.464037383412027271e+00 6.071480226851988959e+00
4.710000000000000298e-01 2.524746181288573421e+00 6.374343279931234285e+00
4.720000000000000306e-01 2.515155430879753240e+00 6.326006841483916787e+00
4.730000000000000315e-01 2.525239871904225719e+00 6.376836410654870946e+00
4.740000000000000324e-01 2.533102532080255820e+00 6.416608438031403239e+00
4.750000000000000333e-01 2.533816764158717483e+00 6.420227394331752713e+00
4.760000000000000342e-01 2.523009470751231831e+00 6.365576789500411614e+00
4.770000000000000351e-01 2.595840834929876273e+00 6.738389640289436322e+00
4.780000000000000360e-01 2.477779621833587687e+00 6.139391854373797308e+00
4.790000000000000369e-01 2.532147296637785594e+00 6.411769931870044736e+00
4.799999999999999822e-01 2.501893682200974744e+00 6.259471997037151958e+00
4.809999999999999831e-01 2.360401785779853157e+00 5.571496590312719377e+00
4.819999999999999840e-01 2.447670987379043872e+00 5.991093262457103386e+00
4.829999999999999849e-01 2.356245610997808271e+00 5.551893379346435786e+00
4.839999999999999858e-01 2.325113915062874792e+00 5.406154718019009486e+00
4.849999999999999867e-01 2.262191984417459611e+00 5.117512574362604205e+00
4.859999999999999876e-01 2.177337659102617451e+00 4.740799281746466143e+00
4.869999999999999885e-01 2.149309550337542785e+00 4.619531543172169741e+00
4.879999999999999893e-01 2.121228574245247689e+00 4.499610664194526599e+00
4.889999999999999902e-01 2.163264031443445035e+00 4.679711269736946733e+00
4.899999999999999911e-01 2.157338765155535576e+00 4.654110547642810403e+00
4.909999999999999920e-01 2.138411345642011963e+00 4.572803083170479788e+00
4.919999999999999929e-01 2.153282942657453791e+00 4.636627431139543454e+00
4.929999999999999938e-01 2.120121971642364489e+00 4.494917174640707280e+00
4.939999999999999947e-01 2.165831491165620015e+00 4.690826048124693948e+00
4.949999999999999956e-01 2.169327815422223082e+00 4.705983170764555190e+00
4.959999999999999964e-01 2.206538689196196668e+00 4.868812986919670571e+00
4.969999999999999973e-01 2.197971640208210342e+00 4.831079331159570778e+00
4.979999999999999982e-01 2.183768610102736929e+00 4.768845342470039661e+00
4.989999999999999991e-01 2.145806758541723092e+00 4.604486645003337486e+00
5.000000000000000000e-01 2.100474107806062474e+00 4.411991477563673492e+00
