# time(ps)   RMSD(Ang)   MSD(Ang^2)
0.000000000000000000e+00 0.000000000000000000e+00 0.000000000000000000e+00
1.000000000000000021e-03 3.482653202134970427e-01 1.212887332634096510e-01
2.000000000000000042e-03 4.286315370170971084e-01 1.837249945256390904e-01
3.000000000000000062e-03 5.468413985801131583e-01 2.990355152010542028e-01
4.000000000000000083e-03 6.591448058207394212e-01 4.344718750404602536e-01
5.000000000000000104e-03 7.522428438361655756e-01 5.658692961027217416e-01
6.000000000000000125e-03 8.728202282226887876e-01 7.618151507947065193e-01
7.000000000000000146e-03 9.376711572496082558e-01 8.792271991378195484e-01
8.000000000000000167e-03 9.858727434915663945e-01 9.719450663595877726e-01
9.000000000000001055e-03 1.027501989672579885e+00 1.055760338781110530e+00
1.000000000000000021e-02 1.064844155329295994e+00 1.133893075138961759e+00
1.099999999999999936e-02 1.101804183789773850e+00 1.213972459416649885e+00
1.200000000000000025e-02 1.144370499699641996e+00 1.309583840582808412e+00
1.300000000000000114e-02 1.181963348027078142e+00 1.397037356079380066e+00
1.400000000000000029e-02 1.207230512399904754e+00 1.457405510069336385e+00
1.499999999999999944e-02 1.238382519069084697e+00 1.533591263535891702e+00
1.600000000000000033e-02 1.243826544666017719e+00 1.547104473215805021e+00
1.700000000000000122e-02 1.254350903891012559e+00 1.573396190092200442e+00
1.800000000000000211e-02 1.258830181547669014e+00 1.584653425975337537e+00
1.899999999999999953e-02 1.287721307326953557e+00 1.658226165343838598e+00
2.000000000000000042e-02 1.301127035212449323e+00 1.692931561760738335e+00
2.100000000000000130e-02 1.316985179426993113e+00 1.734449962830349357e+00
2.199999999999999872e-02 1.342081467236247772e+00 1.801182664698999458e+00
2.299999999999999961e-02 1.345357973468367829e+00 1.809988076774913246e+00
2.400000000000000050e-02 1.364907405744624880e+00 1.862972226256522257e+00
2.500000000000000139e-02 1.373718129448735059e+00 1.887101499176131458e+00
2.600000000000000228e-02 1.385508339162803138e+00 1.919633357889668934e+00
2.699999999999999969e-02 1.397577873158512007e+00 1.953223911542270042e+00
2.800000000000000058e-02 1.405820616345010432e+00 1.976331605340665210e+00
2.900000000000000147e-02 1.414112146158879035e+00 1.999713161914070891e+00
2.999999999999999889e-02 1.418416172634302530e+00 2.011904438790543370e+00
3.099999999999999978e-02 1.439977521442718178e+00 2.073535262260314038e+00
3.200000000000000067e-02 1.447468546450318305e+00 2.095165192962997303e+00
3.300000000000000155e-02 1.448290189685714102e+00 2.097544473539882048e+00
3.400000000000000244e-02 1.448559810381415236e+00 2.098325524252241614e+00
3.500000000000000333e-02 1.461194563853575712e+00 2.135089553435241427e+00
3.600000000000000422e-02 1.492005009243385860e+00 2.226078947607355918e+00
3.699999999999999817e-02 1.505862520340520927e+00 2.267621930166305866e+00
3.799999999999999906e-02 1.521069113469367240e+00 2.313651247950486489e+00
3.899999999999999994e-02 1.537577325701779074e+00 2.364144032512235150e+00
4.000000000000000083e-02 1.554167272992245552e+00 2.415435912440152766e+00
4.100000000000000172e-02 1.594029981537239404e+00 2.540931582039611669e+00
4.200000000000000261e-02 1.616431833106686478e+00 2.612851871080642763e+00
4.300000000000000350e-02 1.643300947000480683e+00 2.700438002412676841e+00
4.399999999999999745e-02 1.655206849845524131e+00 2.739709715775543231e+00
4.499999999999999833e-02 1.664480753925847267e+00 2.770496180189556679e+00
4.599999999999999922e-02 1.680031190985945111e+00 2.822504802685652958e+00
4.700000000000000011e-02 1.691440612697546308e+00 2.860971346282650707e+00
4.800000000000000100e-02 1.704421811666963160e+00 2.905053712086092865e+00
4.900000000000000189e-02 1.716651831535453310e+00 2.946893510714026387e+00
5.000000000000000278e-02 1.732736313192825728e+00 3.002375131057065882e+00
5.100000000000000366e-02 1.750451379827426379e+00 3.064080033139741310e+00
5.200000000000000455e-02 1.764085817079042551e+00 3.111998770019433369e+00
5.299999999999999850e-02 1.778122452314736979e+00 3.161719455425774150e+00
5.399999999999999939e-02 1.787423792633343167e+00 3.194883814471764616e+00
5.500000000000000028e-02 1.791847949068697599e+00 3.210719072581697642e+00
5.600000000000000117e-02 1.792237485088845839e+00 3.212115202957590565e+00
5.700000000000000205e-02 1.786160684855366609e+00 3.190369992122992659e+00
5.800000000000000294e-02 1.787002058704470597e+00 3.193376357814015964e+00
5.900000000000000383e-02 1.782513171097515947e+00 3.177353205136122405e+00
5.999999999999999778e-02 1.796692073272379675e+00 3.228102406159802040e+00
6.099999999999999867e-02 1.785954992651747064e+00 3.189635235777702249e+00
6.199999999999999956e-02 1.800366998878052627e+00 3.241321330649165944e+00
6.300000000000000044e-02 1.808637297366262775e+00 3.271168873424338930e+00
6.400000000000000133e-02 1.810235095775065473e+00 3.276951101975760228e+00
6.500000000000000222e-02 1.815931305242413085e+00 3.297606505359414353e+00
6.600000000000000311e-02 1.812631008153080758e+00 3.285631171718053523e+00
6.700000000000000400e-02 1.816358099130171322e+00 3.299156744275768993e+00
6.800000000000000488e-02 1.813892375863242590e+00 3.290205551214798962e+00
6.900000000000000577e-02 1.817785261520910467e+00 3.304343257002644751e+00
7.000000000000000666e-02 1.822650046483068609e+00 3.322053191944732031e+00
7.100000000000000755e-02 1.833855072814666753e+00 3.363024428088086992e+00
7.200000000000000844e-02 1.836162354180815193e+00 3.371492190910833298e+00
7.299999999999999545e-02 1.839147205068698332e+00 3.382462441912005069e+00
7.399999999999999634e-02 1.845391693353334750e+00 3.405470501897488234e+00
7.499999999999999722e-02 1.844784435065286665e+00 3.403229611859149184e+00
7.599999999999999811e-02 1.855594849702260740e+00 3.443232246241555217e+00
7.699999999999999900e-02 1.858812459842434039e+00 3.455183760865480291e+00
7.799999999999999989e-02 1.852906280706920983e+00 3.433261685083154990e+00
7.900000000000000078e-02 1.855040796630657907e+00 3.441176357164105859e+00
8.000000000000000167e-02 1.862836403000879493e+00 3.470159464345254907e+00
8.100000000000000255e-02 1.847615164700726398e+00 3.413681796832092274e+00
8.200000000000000344e-02 1.848094388461458459e+00 3.415452868662732122e+00
8.300000000000000433e-02 1.862601999624983184e+00 3.469286209006986255e+00
8.400000000000000522e-02 1.877144719439992393e+00 3.523672297721447855e+00
8.500000000000000611e-02 1.890210383687499052e+00 3.572895294600042071e+00
8.600000000000000699e-02 1.892617066011878180e+00 3.581999358559410318e+00
8.700000000000000788e-02 1.910673584849647222e+00 3.650673547842202105e+00
8.799999999999999489e-02 1.924242696089795812e+00 3.702709953454926595e+00
8.899999999999999578e-02 1.934998513814269350e+00 3.744219248463431349e+00
8.999999999999999667e-02 1.946689971744826719e+00 3.789601846091874560e+00
9.099999999999999756e-02 1.958872926691091587e+00 3.837183142923322521e+00
9.199999999999999845e-02 1.967290672992069167e+00 3.870232592041588759e+00
9.299999999999999933e-02 1.979405238011285872e+00 3.918045096266515426e+00
9.400000000000000022e-02 1.981360710393236690e+00 3.925790264689991815e+00
9.500000000000000111e-02 1.988903359849369501e+00 3.955736574820110985e+00
9.600000000000000200e-02 1.991886314445375561e+00 3.967611089674781155e+00
9.700000000000000289e-02 1.985836596629256157e+00 3.943546988512067308e+00
9.800000000000000377e-02 1.989979720600921320e+00 3.960019288402920612e+00
9.900000000000000466e-02 1.998330880501694606e+00 3.993326307966678090e+00
1.000000000000000056e-01 2.006524337154565352e+00 4.026139915593568652e+00
1.010000000000000064e-01 2.000958167188839010e+00 4.003833586839718350e+00
1.020000000000000073e-01 2.003358785908657236e+00 4.013446425077409785e+00
1.030000000000000082e-01 2.019020575791658167e+00 4.076444085470078527e+00
1.040000000000000091e-01 2.023059942591814764e+00 4.092771531319596257e+00
1.049999999999999961e-01 2.030686888392997158e+00 4.123689238691232717e+00
1.059999999999999970e-01 2.033809309443531887e+00 4.136380307179176263e+00
1.069999999999999979e-01 2.036291995451533055e+00 4.146485090739985502e+00
1.079999999999999988e-01 2.043171777575810921e+00 4.174550912682299497e+00
1.089999999999999997e-01 2.046134940817744052e+00 4.186668196035232548e+00
1.100000000000000006e-01 2.056153538661096736e+00 4.227767374548550450e+00
1.110000000000000014e-01 2.061895467923079650e+00 4.251412920641736370e+00
1.120000000000000023e-01 2.075108624368199983e+00 4.306075802927282759e+00
1.130000000000000032e-01 2.088638304021817937e+00 4.362409965027136849e+00
1.140000000000000041e-01 2.101967318550787667e+00 4.418266608255589034e+00
1.150000000000000050e-01 2.116009233549962065e+00 4.477495076468698265e+00
1.160000000000000059e-01 2.120545194876547690e+00 4.496711923514015830e+00
1.170000000000000068e-01 2.133083187229972477e+00 4.550043883643176912e+00
1.180000000000000077e-01 2.139662128368067240e+00 4.578154023572568398e+00
1.190000000000000085e-01 2.151943883101291366e+00 4.630862476017064466e+00
1.199999999999999956e-01 2.157487760918606501e+00 4.654753438513582253e+00
1.209999999999999964e-01 2.151657021804280312e+00 4.629627939479665777e+00
1.219999999999999973e-01 2.143936154649911607e+00 4.596462235215049041e+00
1.229999999999999982e-01 2.143197414585277905e+00 4.593295157885020075e+00
1.239999999999999991e-01 2.151946316867425768e+00 4.630872950679278510e+00
1.250000000000000000e-01 2.161050179988674991e+00 4.670137880429084731e+00
1.260000000000000009e-01 2.161937774210635155e+00 4.673974939558834585e+00
1.270000000000000018e-01 2.152740030306651953e+00 4.634289638084684526e+00
1.280000000000000027e-01 2.149547836271489043e+00 4.620555900419439865e+00
1.290000000000000036e-01 2.147673208541192036e+00 4.612500210685618995e+00
1.300000000000000044e-01 2.142159431734503183e+00 4.588847030969088969e+00
1.310000000000000053e-01 2.133982690101316582e+00 4.553882121652051751e+00
1.320000000000000062e-01 2.142867352293684746e+00 4.591880489526146469e+00
1.330000000000000071e-01 2.144592165767016834e+00 4.599275557469263198e+00
1.340000000000000080e-01 2.145923126814782034e+00 4.604986066198530459e+00
1.350000000000000089e-01 2.157488044084095780e+00 4.654754660365817642e+00
1.360000000000000098e-01 2.149562228595163660e+00 4.620617774603006822e+00
1.370000000000000107e-01 2.144830923754044605e+00 4.600299691491628096e+00
1.380000000000000115e-01 2.144612419503630907e+00 4.599362429889218618e+00
1.390000000000000124e-01 2.155434919331160604e+00 4.645899691472126669e+00
1.400000000000000133e-01 2.161235814913093023e+00 4.670940247663061484e+00
1.410000000000000142e-01 2.172338445994365319e+00 4.719054323945213625e+00
1.420000000000000151e-01 2.184982711208022010e+00 4.774149448277959173e+00
1.430000000000000160e-01 2.197300294796231679e+00 4.828128585511605841e+00
1.440000000000000169e-01 2.209963703798945911e+00 4.883939572108754845e+00
1.449999999999999900e-01 2.216051709985432439e+00 4.910885181329359916e+00
1.459999999999999909e-01 2.233818842133960203e+00 4.989946619472706679e+00
1.469999999999999918e-01 2.245241353206330004e+00 5.041108734147791814e+00
1.479999999999999927e-01 2.264453913168952059e+00 5.127751524866178912e+00
1.489999999999999936e-01 2.275515953807419667e+00 5.177972856032091009e+00
1.499999999999999944e-01 2.274391908930752937e+00 5.172858555409674430e+00
1.509999999999999953e-01 2.275695593920016080e+00 5.178790436186973878e+00
1.519999999999999962e-01 2.269013120240309433e+00 5.148420539822665454e+00
1.529999999999999971e-01 2.264403625158966094e+00 5.127523777633066437e+00
1.539999999999999980e-01 2.256835389851835849e+00 5.093305976887687159e+00
1.549999999999999989e-01 2.252183759826300591e+00 5.072331688025331964e+00
1.559999999999999998e-01 2.249572719632440432e+00 5.060577420914493807e+00
1.570000000000000007e-01 2.245418203339002883e+00 5.041902907886155027e+00
1.580000000000000016e-01 2.241580261204241697e+00 5.024682067420476628e+00
1.590000000000000024e-01 2.238504550268529236e+00 5.010902621572911109e+00
1.600000000000000033e-01 2.231755394539894688e+00 4.980732141057921503e+00
1.610000000000000042e-01 2.223343440811333505e+00 4.943256055798778803e+00
1.620000000000000051e-01 2.234227244169745052e+00 4.991771378590334152e+00
1.630000000000000060e-01 2.247903464353535608e+00 5.053069985052627722e+00
1.640000000000000069e-01 2.252767009851849078e+00 5.074959200676842030e+00
1.650000000000000078e-01 2.248040620020298697e+00 5.053686629261249230e+00
1.660000000000000087e-01 2.243899942985343454e+00 5.035086954129627479e+00
1.670000000000000095e-01 2.237227684741010858e+00 5.005187713371624270e+00
1.680000000000000104e-01 2.209343990578472194e+00 4.881200868705207974e+00
1.690000000000000113e-01 2.200108738702899913e+00 4.840478462116864833e+00
1.700000000000000122e-01 2.197136021050534183e+00 4.827406694997773862e+00
1.710000000000000131e-01 2.192668516557636949e+00 4.807795223503068094e+00
1.720000000000000140e-01 2.191102700693664307e+00 4.800931044987070351e+00
1.730000000000000149e-01 2.191873821496318264e+00 4.804310849360873270e+00
1.740000000000000158e-01 2.192456500758878324e+00 4.806865507719865427e+00
1.750000000000000167e-01 2.188887491102123661e+00 4.791228448703350296e+00
1.759999999999999898e-01 2.191907819328234197e+00 4.804459888432254466e+00
1.769999999999999907e-01 2.185669709610527534e+00 4.777152079508967475e+00
1.779999999999999916e-01 2.178484389675283239e+00 4.745794236058891613e+00
1.789999999999999925e-01 2.176942203440174417e+00 4.739077357118961054e+00
1.799999999999999933e-01 2.164068857627471587e+00 4.683194020553069770e+00
1.809999999999999942e-01 2.169371187461517358e+00 4.706171348988193337e+00
1.819999999999999951e-01 2.164812802966736616e+00 4.686414471888697975e+00
1.829999999999999960e-01 2.164147349741347703e+00 4.683533751392499056e+00
1.839999999999999969e-01 2.169607510095279412e+00 4.707196747861838837e+00
1.849999999999999978e-01 2.162569602144461811e+00 4.676707284119255625e+00
1.859999999999999987e-01 2.163617744130792442e+00 4.681241742717619836e+00
1.869999999999999996e-01 2.179834978197387141e+00 4.751680532172803062e+00
1.880000000000000004e-01 2.195124460119820764e+00 4.818571395416333836e+00
1.890000000000000013e-01 2.201174824320393242e+00 4.845170607221914061e+00
1.900000000000000022e-01 2.209344036511663223e+00 4.881201071669649671e+00
1.910000000000000031e-01 2.212263259901952051e+00 4.894108731112011945e+00
1.920000000000000040e-01 2.216634164805309837e+00 4.913467020582134026e+00
1.930000000000000049e-01 2.228840747590315807e+00 4.967731078118958088e+00
1.940000000000000058e-01 2.230834064184090249e+00 4.976620621924105592e+00
1.950000000000000067e-01 2.244194045335238030e+00 5.036406913118139705e+00
1.960000000000000075e-01 2.246233165909440554e+00 5.045563435631547300e+00
1.970000000000000084e-01 2.243449301222130821e+00 5.033064767154066921e+00
1.980000000000000093e-01 2.263224490228809671e+00 5.122185093171454540e+00
1.990000000000000102e-01 2.271996544156301923e+00 5.161968296658178801e+00
2.000000000000000111e-01 2.280362691320334534e+00 5.200054003965719041e+00
2.010000000000000120e-01 2.291100644681170806e+00 5.249142164058476112e+00
2.020000000000000129e-01 2.310687812927942453e+00 5.339278168813716974e+00
2.030000000000000138e-01 2.314335010050947883e+00 5.356146538747520225e+00
2.040000000000000147e-01 2.313219221879848853e+00 5.350983168474414242e+00
2.050000000000000155e-01 2.318261468037674522e+00 5.374336234188194616e+00
2.060000000000000164e-01 2.327506536444998275e+00 5.417286677194192102e+00
2.070000000000000173e-01 2.346204702031763123e+00 5.504676503835954193e+00
2.080000000000000182e-01 2.347572000404971604e+00 5.511094297085399774e+00
2.089999999999999913e-01 2.346310562541997324e+00 5.505173255896144369e+00
2.099999999999999922e-01 2.343701204513756409e+00 5.492935336039232119e+00
2.109999999999999931e-01 2.338610027139626624e+00 5.469096859038004688e+00
2.119999999999999940e-01 2.340086361490306022e+00 5.476004179232938363e+00
2.129999999999999949e-01 2.341046235275874299e+00 5.480497475699344534e+00
2.139999999999999958e-01 2.334555434393883022e+00 5.450149076258012037e+00
2.149999999999999967e-01 2.322647841624400300e+00 5.394692996202484991e+00
2.159999999999999976e-01 2.327043197714625755e+00 5.415130044029910827e+00
2.169999999999999984e-01 2.320960408652263496e+00 5.386857218531282854e+00
2.179999999999999993e-01 2.317729130434017293e+00 5.371868322062426593e+00
2.190000000000000002e-01 2.315258079874858765e+00 5.360419976425818689e+00
2.200000000000000011e-01 2.312701463420152592e+00 5.348588058905714426e+00
2.210000000000000020e-01 2.313668303589013764e+00 5.353061019032463896e+00
2.220000000000000029e-01 2.314831589794656530e+00 5.358445289111256393e+00
2.230000000000000038e-01 2.328043703677042497e+00 5.419787486230322138e+00
2.240000000000000047e-01 2.318613625275932399e+00 5.375969143315201926e+00
2.250000000000000056e-01 2.325439359501432879e+00 5.407668214718434285e+00
2.260000000000000064e-01 2.334751400101619634e+00 5.451064100276473035e+00
2.270000000000000073e-01 2.338158888218211828e+00 5.466986986553823868e+00
2.280000000000000082e-01 2.332717927704345939e+00 5.441572930233259164e+00
2.290000000000000091e-01 2.336311406666179646e+00 5.458350988918503788e+00
2.300000000000000100e-01 2.338155955724472879e+00 5.466973273289822188e+00
2.310000000000000109e-01 2.341661822890650946e+00 5.483380092783566084e+00
2.320000000000000118e-01 2.354003656695972335e+00 5.541333215738008633e+00
2.330000000000000127e-01 2.351373692772500856e+00 5.528958243062586320e+00
2.340000000000000135e-01 2.353494989761466982e+00 5.538938666832327939e+00
2.350000000000000144e-01 2.349701916359161480e+00 5.521099095741915264e+00
2.360000000000000153e-01 2.354479433283337642e+00 5.543573401754226637e+00
2.370000000000000162e-01 2.360620534294597395e+00 5.572529306933311055e+00
2.380000000000000171e-01 2.358884729252077594e+00 5.564337165898646909e+00
2.390000000000000180e-01 2.362174462126664043e+00 5.579868189523393696e+00
2.399999999999999911e-01 2.362858729818945402e+00 5.583101377081600702e+00
2.409999999999999920e-01 2.360704329197127471e+00 5.572924929890060497e+00
2.419999999999999929e-01 2.380630167792491481e+00 5.667399995803706680e+00
2.429999999999999938e-01 2.388525487783377255e+00 5.705054005790820781e+00
2.439999999999999947e-01 2.398053734620706035e+00 5.750661714128316504e+00
2.449999999999999956e-01 2.395221096917031112e+00 5.737084103116426803e+00
2.459999999999999964e-01 2.398425176219886268e+00 5.752443325925391981e+00
2.469999999999999973e-01 2.402688780320695994e+00 5.772913375078952747e+00
2.479999999999999982e-01 2.403747462697180204e+00 5.778001864423131906e+00
2.489999999999999991e-01 2.414229061793142783e+00 5.828501962806598158e+00
2.500000000000000000e-01 2.408777381466683742e+00 5.802208473465493732e+00
2.510000000000000009e-01 2.408051606549185042e+00 5.798712539804110833e+00
2.520000000000000018e-01 2.415700220496535433e+00 5.835607555307009697e+00
2.530000000000000027e-01 2.409349093067747027e+00 5.804963052266375989e+00
2.540000000000000036e-01 2.401592207572746940e+00 5.767645131474140818e+00
2.550000000000000044e-01 2.396748078189196995e+00 5.744401350303608211e+00
2.560000000000000053e-01 2.403630411903937780e+00 5.777439157029494510e+00
2.570000000000000062e-01 2.405034067134514508e+00 5.784188864077584924e+00
2.580000000000000071e-01 2.402161996580292502e+00 5.770382257814617333e+00
2.590000000000000080e-01 2.402255986091322626e+00 5.770833822711592731e+00
2.600000000000000089e-01 2.410461695145222460e+00 5.810325583762380397e+00
2.610000000000000098e-01 2.421400733855183951e+00 5.863181513914423881e+00
2.620000000000000107e-01 2.426562234354003422e+00 5.888204277193093361e+00
2.630000000000000115e-01 2.438171194022868971e+00 5.944678771362902125e+00
2.640000000000000124e-01 2.457155723191549512e+00 6.037614248012986629e+00
2.650000000000000133e-01 2.466824830878203922e+00 6.085224746237280158e+00
2.660000000000000142e-01 2.468344558341123207e+00 6.092724858692235124e+00
2.670000000000000151e-01 2.485691398451589151e+00 6.178661728336216186e+00
2.680000000000000160e-01 2.493765925845029319e+00 6.218868492905716749e+00
2.690000000000000169e-01 2.499119054240141136e+00 6.245596047266136708e+00
2.700000000000000178e-01 2.522420242183220918e+00 6.362603878175659311e+00
2.710000000000000187e-01 2.523639234772505624e+00 6.368754987283157476e+00
2.720000000000000195e-01 2.522632628595526505e+00 6.363675378854775744e+00
2.730000000000000204e-01 2.526407528196428220e+00 6.382734998527586079e+00
2.740000000000000213e-01 2.541762363290947846e+00 6.460555911442384946e+00
2.750000000000000222e-01 2.549989105596673689e+00 6.502444438661723503e+00
2.760000000000000231e-01 2.544544685976032117e+00 6.474707658928863907e+00
2.770000000000000240e-01 2.542465297207320507e+00 6.464129787503508418e+00
2.780000000000000249e-01 2.554883562104244721e+00 6.527430015910474559e+00
2.790000000000000258e-01 2.559446479871436697e+00 6.550766283326288963e+00
2.800000000000000266e-01 2.560484892837315840e+00 6.556082886448121094e+00
2.810000000000000275e-01 2.561284947944767687e+00 6.560180584568430895e+00
2.820000000000000284e-01 2.566267152680863806e+00 6.585727098928747303e+00
2.830000000000000293e-01 2.577525229645826865e+00 6.643636309460771550e+00
2.840000000000000302e-01 2.580516839951390473e+00 6.659067161272711033e+00
2.850000000000000311e-01 2.580914832265301495e+00 6.661121371407030090e+00
2.860000000000000320e-01 2.581814402262005537e+00 6.665765607727516695e+00
2.870000000000000329e-01 2.577523162430540360e+00 6.643625652865932985e+00
2.880000000000000338e-01 2.583201382866365137e+00 6.672929384442701561e+00
2.889999999999999791e-01 2.585590485407574857e+00 6.685278158230178569e+00
2.899999999999999800e-01 2.578609895877907121e+00 6.649228995119470298e+00
2.909999999999999809e-01 2.575801991232940402e+00 6.634755898039580657e+00
2.919999999999999818e-01 2.578777099282214103e+00 6.650091327782390316e+00
2.929999999999999827e-01 2.571244849240258201e+00 6.611300074744558941e+00
2.939999999999999836e-01 2.565749887879121172e+00 6.583072487151722108e+00
2.949999999999999845e-01 2.567940842864051554e+00 6.594320172449336326e+00
2.959999999999999853e-01 2.565871558699866828e+00 6.583696855744884502e+00
2.969999999999999862e-01 2.568947361536884078e+00 6.599490546347317910e+00
2.979999999999999871e-01 2.563663012698239818e+00 6.572368042677015687e+00
2.989999999999999880e-01 2.560558293372182437e+00 6.556458773757063874e+00
2.999999999999999889e-01 2.555575635661679446e+00 6.530966829587597111e+00
3.009999999999999898e-01 2.547251746119929994e+00 6.488491458111033339e+00
3.019999999999999907e-01 2.549720708965624638e+00 6.501075693728168403e+00
3.029999999999999916e-01 2.547742182315647419e+00 6.490990227550497593e+00
3.039999999999999925e-01 2.551611981442864163e+00 6.510723703842780097e+00
3.049999999999999933e-01 2.549457877195526745e+00 6.499735467594322635e+00
3.059999999999999942e-01 2.535663213131987170e+00 6.429587930430832543e+00
3.069999999999999951e-01 2.525554722414323994e+00 6.378426655909294141e+00
3.079999999999999960e-01 2.513690463615326998e+00 6.318639746870636564e+00
3.089999999999999969e-01 2.508336145387072946e+00 6.291750218255278249e+00
3.099999999999999978e-01 2.504621625575357502e+00 6.273129487299747176e+00
3.109999999999999987e-01 2.503288575366505508e+00 6.266453691560467831e+00
3.119999999999999996e-01 2.487942962457028173e+00 6.189860184439454294e+00
3.130000000000000004e-01 2.484837336337255564e+00 6.174416588055626320e+00
3.140000000000000013e-01 2.490538292162500333e+00 6.202780984727704450e+00
3.150000000000000022e-01 2.497525108495917134e+00 6.237631667567542948e+00
3.160000000000000031e-01 2.502223447023360858e+00 6.261122178833469221e+00
3.170000000000000040e-01 2.497088736642183449e+00 6.235452158665256484e+00
3.180000000000000049e-01 2.494915036237316919e+00 6.224601038043052981e+00
3.190000000000000058e-01 2.492218573636213907e+00 6.211153418777325186e+00
3.200000000000000067e-01 2.494012602115413202e+00 6.220098859510494016e+00
3.210000000000000075e-01 2.491024987545224612e+00 6.205205488574685901e+00
3.220000000000000084e-01 2.493884664907089377e+00 6.219460721858744989e+00
3.230000000000000093e-01 2.490117429671351967e+00 6.200684813553060337e+00
3.240000000000000102e-01 2.490887766467919207e+00 6.204521865139538406e+00
3.250000000000000111e-01 2.503258079767376465e+00 6.266301013920652530e+00
3.260000000000000120e-01 2.501166751968109114e+00 6.255835121150701283e+00
3.270000000000000129e-01 2.500107581369259702e+00 6.250537918420049799e+00
3.280000000000000138e-01 2.501780975842950561e+00 6.258908051089705715e+00
3.290000000000000147e-01 2.496461541506314941e+00 6.232320228220086911e+00
3.300000000000000155e-01 2.489053159050738984e+00 6.195385628580462267e+00
3.310000000000000164e-01 2.482294965618633054e+00 6.161788296335609871e+00
3.320000000000000173e-01 2.478643548768104665e+00 6.143673841849743411e+00
3.330000000000000182e-01 2.486352689874985700e+00 6.181949698448575781e+00
3.340000000000000191e-01 2.494667920437930064e+00 6.223368033262106636e+00
3.350000000000000200e-01 2.487238035162639527e+00 6.186353043559708276e+00
3.360000000000000209e-01 2.481813811043392715e+00 6.159399792685729125e+00
3.370000000000000218e-01 2.491650173997358220e+00 6.208320589581065363e+00
3.380000000000000226e-01 2.491651026664401858e+00 6.208324838677767410e+00
3.390000000000000235e-01 2.487264949467235198e+00 6.186486928848247580e+00
3.400000000000000244e-01 2.493143877163333411e+00 6.215766392237018323e+00
3.410000000000000253e-01 2.499759593068055175e+00 6.248798023135767821e+00
3.420000000000000262e-01 2.502799433186919664e+00 6.264005002760765883e+00
3.430000000000000271e-01 2.508089466204034057e+00 6.290512770483637439e+00
3.440000000000000280e-01 2.509818878863187663e+00 6.299190804698069357e+00
3.450000000000000289e-01 2.507760818257441127e+00 6.288864321587230855e+00
3.460000000000000298e-01 2.517610470535598388e+00 6.338362481350477751e+00
3.470000000000000306e-01 2.519246678791319027e+00 6.346603828601090846e+00
3.480000000000000315e-01 2.527755733577665698e+00 6.389549048634762585e+00
3.490000000000000324e-01 2.526741508530641944e+00 6.384422650931704801e+00
3.500000000000000333e-01 2.525001959269080221e+00 6.375634894312693923e+00
3.510000000000000342e-01 2.549548229005447197e+00 6.500196172024812036e+00
3.519999999999999796e-01 2.549123166272201590e+00 6.498028916825614232e+00
3.529999999999999805e-01 2.559468744827774422e+00 6.550880255750263004e+00
3.539999999999999813e-01 2.578669882608433550e+00 6.649538363471791946e+00
3.549999999999999822e-01 2.575741283236996360e+00 6.634443158171369426e+00
3.559999999999999831e-01 2.574917534965578181e+00 6.630200311873210239e+00
3.569999999999999840e-01 2.575837700394954854e+00 6.634939858775968702e+00
3.579999999999999849e-01 2.584905477714872113e+00 6.681736328720350393e+00
3.589999999999999858e-01 2.593225592276289682e+00 6.724818972436713338e+00
3.599999999999999867e-01 2.601775957574544051e+00 6.769238133412934566e+00
3.609999999999999876e-01 2.599664674919025309e+00 6.758256422021842624e+00
3.619999999999999885e-01 2.602460333887918864e+00 6.772799789460017372e+00
3.629999999999999893e-01 2.609356020844877388e+00 6.808738843519411610e+00
3.639999999999999902e-01 2.622130393367037904e+00 6.875567799819176429e+00
3.649999999999999911e-01 2.625588739581912634e+00 6.893716229419336372e+00
3.659999999999999920e-01 2.628264641271311763e+00 6.907775024557016863e+00
3.669999999999999929e-01 2.618690755171391160e+00 6.857541271220110701e+00
3.679999999999999938e-01 2.614988425823942197e+00 6.838164467193180052e+00
3.689999999999999947e-01 2.618524068258860193e+00 6.856668296050931311e+00
3.699999999999999956e-01 2.596209957307555882e+00 6.740306142422902269e+00
3.709999999999999964e-01 2.590242105512322812e+00 6.709354165168910811e+00
3.719999999999999973e-01 2.589023991448708095e+00 6.703045228297000335e+00
3.729999999999999982e-01 2.588686384559364395e+00 6.701297197603032885e+00
3.739999999999999991e-01 2.595830169080711958e+00 6.738334266709596676e+00
3.750000000000000000e-01 2.590039537993774843e+00 6.708304808371005734e+00
3.760000000000000009e-01 2.582810604159547108e+00 6.670910616959004003e+00
3.770000000000000018e-01 2.569393324881504626e+00 6.601782057945632332e+00
3.780000000000000027e-01 2.547642616458125620e+00 6.490482901193605159e+00
3.790000000000000036e-01 2.531630141055301486e+00 6.409151171099686017e+00
3.800000000000000044e-01 2.525285062344138520e+00 6.377064646098439482e+00
3.810000000000000053e-01 2.524434231431404108e+00 6.372768188822664825e+00
3.820000000000000062e-01 2.515764304261317363e+00 6.329070034595429384e+00
3.830000000000000071e-01 2.519167273915030147e+00 6.346203753964485550e+00
3.840000000000000080e-01 2.515519810057406325e+00 6.327839914791249853e+00
3.850000000000000089e-01 2.519784830469381731e+00 6.349315591863610386e+00
3.860000000000000098e-01 2.522244246409217183e+00 6.361716038544399154e+00
3.870000000000000107e-01 2.526303545298825171e+00 6.382209602989413533e+00
3.880000000000000115e-01 2.533702634606904258e+00 6.419649040613968793e+00
3.890000000000000124e-01 2.524964581478182257e+00 6.375446137719293027e+00
3.900000000000000133e-01 2.524745691494949984e+00 6.374340806722312180e+00
3.910000000000000142e-01 2.522388205264120664e+00 6.362442258055551747e+00
3.920000000000000151e-01 2.524813700755044188e+00 6.374684223520382886e+00
3.930000000000000160e-01 2.513942380828400935e+00 6.319906294125168245e+00
3.940000000000000169e-01 2.506138290398313373e+00 6.280729130600581911e+00
3.950000000000000178e-01 2.507572459441663959e+00 6.287919639350316281e+00
3.960000000000000187e-01 2.513747643201405424e+00 6.318927213700619383e+00
3.970000000000000195e-01 2.510124702241491423e+00 6.300726020802935423e+00
3.980000000000000204e-01 2.511459299779972731e+00 6.307427814451310510e+00
3.990000000000000213e-01 2.518005572405554560e+00 6.340352062665424171e+00
4.000000000000000222e-01 2.519748189140356587e+00 6.349130936676106174e+00
4.010000000000000231e-01 2.521696006069480855e+00 6.358950747026771211e+00
4.020000000000000240e-01 2.510719544087905764e+00 6.303712629064981421e+00
4.030000000000000249e-01 2.505696679346678835e+00 6.278515848888973849e+00
4.040000000000000258e-01 2.509532571677878021e+00 6.297753728312184940e+00
4.050000000000000266e-01 2.513763924027760943e+00 6.319009065743447451e+00
4.060000000000000275e-01 2.523995949899508151e+00 6.370555555109119972e+00
4.070000000000000284e-01 2.520543353932958919e+00 6.353138799055608743e+00
4.080000000000000293e-01 2.537754588011408963e+00 6.440198348972955067e+00
4.090000000000000302e-01 2.549077680658675238e+00 6.497797022032210101e+00
4.100000000000000311e-01 2.541446948806398876e+00 6.458952593597355296e+00
4.110000000000000320e-01 2.549492237514609183e+00 6.499910669147247688e+00
4.120000000000000329e-01 2.553678296385643254e+00 6.521272841431081879e+00
4.130000000000000338e-01 2.559246215861552098e+00 6.549741193401674266e+00
4.140000000000000346e-01 2.554390715876370344e+00 6.524911929355395657e+00
4.150000000000000355e-01 2.558563929368972811e+00 6.546249380667997109e+00
4.160000000000000364e-01 2.569545457215361317e+00 6.602563856696099798e+00
4.169999999999999818e-01 2.580562151154079498e+00 6.659301015968970283e+00
4.179999999999999827e-01 2.604105638923215782e+00 6.781366178671690115e+00
4.189999999999999836e-01 2.605891379169678501e+00 6.790669880030848482e+00
4.199999999999999845e-01 2.619189559726630367e+00 6.860153949780978699e+00
4.209999999999999853e-01 2.631279237951034577e+00 6.923630428072176990e+00
4.219999999999999862e-01 2.640387215863614578e+00 6.971644649696011165e+00
4.229999999999999871e-01 2.657426415701611422e+00 7.061915154868714239e+00
4.239999999999999880e-01 2.665300076188110268e+00 7.103824496128346766e+00
4.249999999999999889e-01 2.677469195537199642e+00 7.168841293050618901e+00
4.259999999999999898e-01 2.679200289640573995e+00 7.178114192010136563e+00
4.269999999999999907e-01 2.690539194604095741e+00 7.239001157700856837e+00
4.279999999999999916e-01 2.693644531032960199e+00 7.255720859563774994e+00
4.289999999999999925e-01 2.690312718441574713e+00 7.237782523008495339e+00
4.299999999999999933e-01 2.689252460363660280e+00 7.232078795571999841e+00
4.309999999999999942e-01 2.674747631367701661e+00 7.154274891507130363e+00
4.319999999999999951e-01 2.682003786439722592e+00 7.193144310477009640e+00
4.329999999999999960e-01 2.675238196232720522e+00 7.156899406582499346e+00
4.339999999999999969e-01 2.669588765138993125e+00 7.126704174956333127e+00
4.349999999999999978e-01 2.669501013594651528e+00 7.126235661582872360e+00
4.359999999999999987e-01 2.653848722809090788e+00 7.042913043555441455e+00
4.369999999999999996e-01 2.657078794129294597e+00 7.060067718211586296e+00
4.380000000000000004e-01 2.655027200680174726e+00 7.049169436351604645e+00
4.390000000000000013e-01 2.661316343554810171e+00 7.082604680471944469e+00
4.400000000000000022e-01 2.663514195686174535e+00 7.094307870621769929e+00
4.410000000000000031e-01 2.664709625002230631e+00 7.100677385579528433e+00
4.420000000000000040e-01 2.667624099647952551e+00 7.116218337022549356e+00
4.430000000000000049e-01 2.675831701603565538e+00 7.160075295306632448e+00
4.440000000000000058e-01 2.667411202918241742e+00 7.115082525453741091e+00
4.450000000000000067e-01 2.676767009021430166e+00 7.165081620585532107e+00
4.460000000000000075e-01 2.684375907816541673e+00 7.205874014465883270e+00
4.470000000000000084e-01 2.686765587573305414e+00 7.218709322568130027e+00
4.480000000000000093e-01 2.694885105963441330e+00 7.262405734343588826e+00
4.490000000000000102e-01 2.707701160874758539e+00 7.331645576602515035e+00
4.500000000000000111e-01 2.723278871224634301e+00 7.416247810458517442e+00
4.510000000000000120e-01 2.727239710157068231e+00 7.437836436657608630e+00
4.520000000000000129e-01 2.740587591736681983e+00 7.510820347981066014e+00
4.530000000000000138e-01 2.741797559238088322e+00 7.517453855843937660e+00
4.540000000000000147e-01 2.737185926188710816e+00 7.492186794525549587e+00
4.550000000000000155e-01 2.726040555943836541e+00 7.431297112650581127e+00
4.560000000000000164e-01 2.705114944137373190e+00 7.317646860995343339e+00
4.570000000000000173e-01 2.692687696304101319e+00 7.250567029827489129e+00
4.580000000000000182e-01 2.683622062160295307e+00 7.201827372513475822e+00
4.590000000000000191e-01 2.672505200266144243e+00 7.142284045449584617e+00
4.600000000000000200e-01 2.656465919354946692e+00 7.056811180694322339e+00
4.610000000000000209e-01 2.654536377506519162e+00 7.046563379505432323e+00
4.620000000000000218e-01 2.650841689963905345e+00 7.026961665250693656e+00
4.630000000000000226e-01 2.656311898206069610e+00 7.055992900551133040e+00
4.640000000000000235e-01 2.652307682789935228e+00 7.034736044186515436e+00
4.650000000000000244e-01 2.648331921012747170e+00 7.013661963855067683e+00
4.660000000000000253e-01 2.659907149300593687e+00 7.075106042900411119e+00
4.670000000000000262e-01 2.661632232014881527e+00 7.084286138500519137e+00
4.680000000000000271e-01 2.650129120999494159e+00 7.023184357969550540e+00
4.690000000000000280e-01 2.667721437643148619e+00 7.116737668860826815e+00
4.700000000000000289e-01 2.672208213410900424e+00 7.140696735820677432e+00
4.710000000000000298e-01 2.672667743833333276e+00 7.143152868927161059e+00
4.720000000000000306e-01 2.681377786974709299e+00 7.189786836481388832e+00
4.730000000000000315e-01 2.665431799331234419e+00 7.104526676886142589e+00
4.740000000000000324e-01 2.655135395268612086e+00 7.049743967208209838e+00
4.750000000000000333e-01 2.646991681186307233e+00 7.006564960269513698e+00
4.760000000000000342e-01 2.659519667249686581e+00 7.073044860487883057e+00
4.770000000000000351e-01 2.659885738108191511e+00 7.074992139791357992e+00
4.780000000000000360e-01 2.659048485880930901e+00 7.070538850265672082e+00
4.790000000000000369e-01 2.670830800738981825e+00 7.133337166176031197e+00
4.799999999999999822e-01 2.676955325530168128e+00 7.166089814884327502e+00
4.809999999999999831e-01 2.686909067086653113e+00 7.219480334792467424e+00
4.819999999999999840e-01 2.715422084791383028e+00 7.373517098572781592e+00
4.829999999999999849e-01 2.722421252557558180e+00 7.411577476377064322e+00
4.839999999999999858e-01 2.724574129657763688e+00 7.423304188000360959e+00
4.849999999999999867e-01 2.731259839729533123e+00 7.459780312119394630e+00
4.859999999999999876e-01 2.739469750535231451e+00 7.504694514097563385e+00
4.869999999999999885e-01 2.744690592968674014e+00 7.533326451130730739e+00
4.879999999999999893e-01 2.745910393024763252e+00 7.540023886521410645e+00
4.889999999999999902e-01 2.749546449670009718e+00 7.560005678892954606e+00
4.899999999999999911e-01 2.755920815818436953e+00 7.595099543061358816e+00
4.909999999999999920e-01 2.762983546347597574e+00 7.634078077387546735e+00
4.919999999999999929e-01 2.779926191149206360e+00 7.727989628237334152e+00
4.929999999999999938e-01 2.790639924797599036e+00 7.787671189874349587e+00
4.939999999999999947e-01 2.794396078732097610e+00 7.808649444833323905e+00
4.949999999999999956e-01 2.805120839262341015e+00 7.868702922863859861e+00
4.959999999999999964e-01 2.815487693785358125e+00 7.926970953856795177e+00
4.969999999999999973e-01 2.821244596461853771e+00 7.959421073065207075e+00
4.979999999999999982e-01 2.824104150822393411e+00 7.975564254692271149e+00
4.989999999999999991e-01 2.816108465008687389e+00 7.930466886693585238e+00
5.000000000000000000e-01 2.820265586324930407e+00 7.953897977408704634e+00
