# time(ps)   RMSD(Ang)   MSD(Ang^2)
0.000000000000000000e+00 0.000000000000000000e+00 0.000000000000000000e+00
1.000000000000000021e-03 2.504326406381242598e-01 6.271650749698388927e-02
2.000000000000000042e-03 3.536030084817207708e-01 1.250350876073239026e-01
3.000000000000000062e-03 4.372517685025900103e-01 1.911891090586425868e-01
4.000000000000000083e-03 5.668352208188588426e-01 3.213021675607644623e-01
5.000000000000000104e-03 6.863049836292568484e-01 4.710145305543544381e-01
6.000000000000000125e-03 7.681607968303432177e-01 5.900710097870277560e-01
7.000000000000000146e-03 8.358937132876735898e-01 6.987182999138553674e-01
8.000000000000000167e-03 9.202244115394069279e-01 8.468129675930478051e-01
9.000000000000001055e-03 9.908004748531461514e-01 9.816855809692198731e-01
1.000000000000000021e-02 1.052713008246505932e+00 1.108204677731408294e+00
1.099999999999999936e-02 1.097588308523496536e+00 1.204700095007470440e+00
1.200000000000000025e-02 1.137309039758243046e+00 1.293471851915817039e+00
1.300000000000000114e-02 1.195609503823489073e+00 1.429482085633049682e+00
1.400000000000000029e-02 1.232898508108132729e+00 1.520038731295259460e+00
1.499999999999999944e-02 1.261809320676455792e+00 1.592162761745979038e+00
1.600000000000000033e-02 1.287630237327984206e+00 1.657991628081320723e+00
1.700000000000000122e-02 1.311088573948179681e+00 1.718953248737471462e+00
1.800000000000000211e-02 1.315061040068465248e+00 1.729385539105953384e+00
1.899999999999999953e-02 1.329394588768925134e+00 1.767289972648099727e+00
2.000000000000000042e-02 1.340582056068216676e+00 1.797160249052087488e+00
2.100000000000000130e-02 1.350177347104515757e+00 1.822978868634188121e+00
2.199999999999999872e-02 1.359047799266769774e+00 1.847010920691849911e+00
2.299999999999999961e-02 1.370828432004208119e+00 1.879170589991115969e+00
2.400000000000000050e-02 1.377879092401485206e+00 1.898550793277140825e+00
2.500000000000000139e-02 1.394762667457645877e+00 1.945362898533567808e+00
2.600000000000000228e-02 1.398374792145172574e+00 1.955452059307054569e+00
2.699999999999999969e-02 1.398964659280103939e+00 1.957102117914697015e+00
2.800000000000000058e-02 1.403064403510953184e+00 1.968589720399546827e+00
2.900000000000000147e-02 1.396642839856762297e+00 1.950611222123161514e+00
2.999999999999999889e-02 1.392948808250781045e+00 1.940306382407271046e+00
3.099999999999999978e-02 1.381811068568032708e+00 1.909401829217128421e+00
3.200000000000000067e-02 1.375239673200658430e+00 1.891284158745053956e+00
3.300000000000000155e-02 1.383871191965986958e+00 1.915099475953361274e+00
3.400000000000000244e-02 1.392822171216424598e+00 1.939953600632035480e+00
3.500000000000000333e-02 1.401435757829750051e+00 1.964022183323845594e+00
3.600000000000000422e-02 1.424693851013159263e+00 2.029752569114705807e+00
3.699999999999999817e-02 1.436908959843111733e+00 2.064707358877413412e+00
3.799999999999999906e-02 1.450928631496569476e+00 2.105193893696507779e+00
3.899999999999999994e-02 1.468051628063378189e+00 2.155175582659535127e+00
4.000000000000000083e-02 1.480257612546642010e+00 2.191162599502284536e+00
4.100000000000000172e-02 1.504164623756885755e+00 2.262511215361693750e+00
4.200000000000000261e-02 1.509043829622946697e+00 2.277213279723089290e+00
4.300000000000000350e-02 1.520315947898832842e+00 2.311360581435526473e+00
4.399999999999999745e-02 1.528729846928391867e+00 2.337014944889704626e+00
4.499999999999999833e-02 1.536623712233397443e+00 2.361212432997946919e+00
4.599999999999999922e-02 1.543265547921784053e+00 2.381668551402324585e+00
4.700000000000000011e-02 1.539516173466718874e+00 2.370110048365608346e+00
4.800000000000000100e-02 1.548336446446451520e+00 2.397345751394424962e+00
4.900000000000000189e-02 1.544716697160793295e+00 2.386149674487350048e+00
5.000000000000000278e-02 1.541670575493135908e+00 2.376748163341336539e+00
5.100000000000000366e-02 1.547017189117199321e+00 2.393262183424080369e+00
5.200000000000000455e-02 1.543037533255579685e+00 2.380964829035464358e+00
5.299999999999999850e-02 1.536835518906435771e+00 2.361863412172414023e+00
5.399999999999999939e-02 1.538619788333140948e+00 2.367350853050319781e+00
5.500000000000000028e-02 1.542737717908207573e+00 2.380039666256624109e+00
5.600000000000000117e-02 1.538138904506105575e+00 2.365871289555242729e+00
5.700000000000000205e-02 1.547463294127753741e+00 2.394642646672719088e+00
5.800000000000000294e-02 1.552932278134279809e+00 2.411598660471323985e+00
5.900000000000000383e-02 1.559100160611675889e+00 2.430793310819353792e+00
5.999999999999999778e-02 1.568246792838300374e+00 2.459398003247614817e+00
6.099999999999999867e-02 1.575994315093955267e+00 2.483758081208465196e+00
6.199999999999999956e-02 1.583771454579370408e+00 2.508332020340454882e+00
6.300000000000000044e-02 1.592338379225662903e+00 2.535541513955011261e+00
6.400000000000000133e-02 1.589291342765106085e+00 2.525846972188114048e+00
6.500000000000000222e-02 1.587924544656061698e+00 2.521504359521160588e+00
6.600000000000000311e-02 1.592883232959283468e+00 2.537276993842819017e+00
6.700000000000000400e-02 1.598403455473560442e+00 2.554893606469818668e+00
6.800000000000000488e-02 1.598055098079655734e+00 2.553780096498378338e+00
6.900000000000000577e-02 1.610031554610552362e+00 2.592201606841671779e+00
7.000000000000000666e-02 1.620453099353743376e+00 2.625868247205152883e+00
7.100000000000000755e-02 1.625645456597757388e+00 2.642723150556931078e+00
7.200000000000000844e-02 1.636058636800193034e+00 2.676687863048506255e+00
7.299999999999999545e-02 1.641556703296074282e+00 2.694708410136275933e+00
7.399999999999999634e-02 1.645881263821658669e+00 2.708925134599180495e+00
7.499999999999999722e-02 1.645803780684902184e+00 2.708670084516717314e+00
7.599999999999999811e-02 1.657487851367656528e+00 2.747265977431371020e+00
7.699999999999999900e-02 1.658541487371413936e+00 2.750759865332181864e+00
7.799999999999999989e-02 1.681434127248947252e+00 2.827220724277429209e+00
7.900000000000000078e-02 1.698497130139587030e+00 2.884892501092413131e+00
8.000000000000000167e-02 1.703827269639297981e+00 2.903027364766505247e+00
8.100000000000000255e-02 1.713391804241657379e+00 2.935711474842481739e+00
8.200000000000000344e-02 1.713142934735985445e+00 2.934858714835824944e+00
8.300000000000000433e-02 1.720149848679053406e+00 2.958915501910570622e+00
8.400000000000000522e-02 1.732081260211204343e+00 3.000105491974833782e+00
8.500000000000000611e-02 1.727716292660786968e+00 2.985003587925533886e+00
8.600000000000000699e-02 1.725448752002044728e+00 2.977173395785413401e+00
8.700000000000000788e-02 1.719447768174904079e+00 2.956500627481658316e+00
8.799999999999999489e-02 1.711713211258108158e+00 2.929962117595545035e+00
8.899999999999999578e-02 1.709344838959345747e+00 2.921859778476951774e+00
8.999999999999999667e-02 1.703488083686677257e+00 2.901871651262508234e+00
9.099999999999999756e-02 1.708047421231374319e+00 2.917425993175147614e+00
9.199999999999999845e-02 1.714945950906580086e+00 2.941039614530874147e+00
9.299999999999999933e-02 1.729707919570169450e+00 2.991889487023764005e+00
9.400000000000000022e-02 1.728163583194491260e+00 2.986549370279623083e+00
9.500000000000000111e-02 1.738315082313556914e+00 3.021739325398788534e+00
9.600000000000000200e-02 1.746632042612571434e+00 3.050723492280963622e+00
9.700000000000000289e-02 1.748955883254206034e+00 3.058846681569499903e+00
9.800000000000000377e-02 1.755757135000184821e+00 3.082683117104057402e+00
9.900000000000000466e-02 1.766119353702678030e+00 3.119177571523165327e+00
1.000000000000000056e-01 1.769216257618378974e+00 3.130126166221182338e+00
1.010000000000000064e-01 1.780979668159740736e+00 3.171888578398380343e+00
1.020000000000000073e-01 1.794754166589243916e+00 3.221142518489451767e+00
1.030000000000000082e-01 1.806977373732322256e+00 3.265167229180560238e+00
1.040000000000000091e-01 1.820491476540513576e+00 3.314189216156659512e+00
1.049999999999999961e-01 1.831359805906200178e+00 3.353878738688794936e+00
1.059999999999999970e-01 1.839031155495639336e+00 3.382035590883626153e+00
1.069999999999999979e-01 1.863569963477283098e+00 3.472893008774721846e+00
1.079999999999999988e-01 1.868480417606429578e+00 3.491219070978697658e+00
1.089999999999999997e-01 1.873859656158235909e+00 3.511350010977462244e+00
1.100000000000000006e-01 1.882997333486513547e+00 3.545678957917320684e+00
1.110000000000000014e-01 1.900108200323437524e+00 3.610411172936372814e+00
1.120000000000000023e-01 1.913759588750498564e+00 3.662475763534477569e+00
1.130000000000000032e-01 1.930848347097440021e+00 3.728175339488915885e+00
1.140000000000000041e-01 1.946122821493861066e+00 3.787394036339226666e+00
1.150000000000000050e-01 1.948157209685358549e+00 3.795316513649041656e+00
1.160000000000000059e-01 1.958028106285840675e+00 3.833874065005315579e+00
1.170000000000000068e-01 1.965327721419250606e+00 3.862513052578983253e+00
1.180000000000000077e-01 1.953318112500525228e+00 3.815451648622614211e+00
1.190000000000000085e-01 1.954297010322086914e+00 3.819276804553846993e+00
1.199999999999999956e-01 1.969140405640317448e+00 3.877513937125314225e+00
1.209999999999999964e-01 1.963184557093854643e+00 3.854093605211794227e+00
1.219999999999999973e-01 1.955081693641409935e+00 3.822344428811764061e+00
1.229999999999999982e-01 1.948916968367593094e+00 3.798277349591129948e+00
1.239999999999999991e-01 1.961804690180784849e+00 3.848677642415324840e+00
1.250000000000000000e-01 1.965750722370541492e+00 3.864175902500305959e+00
1.260000000000000009e-01 1.975156390053440347e+00 3.901242765168938309e+00
1.270000000000000018e-01 1.970375647105488959e+00 3.882380190706374190e+00
1.280000000000000027e-01 1.965918102939369527e+00 3.864833987464729503e+00
1.290000000000000036e-01 1.974669828569447061e+00 3.899320931862489292e+00
1.300000000000000044e-01 1.966035820098156472e+00 3.865296845909030665e+00
1.310000000000000053e-01 1.963655001183708837e+00 3.855940963673791799e+00
1.320000000000000062e-01 1.974526408951014611e+00 3.898754539644989414e+00
1.330000000000000071e-01 1.983108199444405306e+00 3.932718130703630965e+00
1.340000000000000080e-01 1.975375107168621636e+00 3.902106814021443437e+00
1.350000000000000089e-01 1.982525746421649249e+00 3.930408335224717220e+00
1.360000000000000098e-01 1.986529685645108678e+00 3.946300191949254632e+00
1.370000000000000107e-01 1.985187850262848608e+00 3.940970800831229859e+00
1.380000000000000115e-01 1.999987043496229466e+00 3.999948174152788916e+00
1.390000000000000124e-01 2.011227482712221626e+00 4.045035987216940576e+00
1.400000000000000133e-01 2.007591214463101625e+00 4.030422484389431403e+00
1.410000000000000142e-01 2.012066206450497496e+00 4.048410419140095584e+00
1.420000000000000151e-01 2.014960921901899571e+00 4.060067516791752595e+00
1.430000000000000160e-01 2.007602380727199431e+00 4.030467319101519230e+00
1.440000000000000169e-01 2.008695378210858973e+00 4.034857122445666633e+00
1.449999999999999900e-01 2.015216998741814258e+00 4.061099552017966019e+00
1.459999999999999909e-01 2.008203458256208940e+00 4.032881129752197147e+00
1.469999999999999918e-01 1.999835776874429483e+00 3.999343134466952776e+00
1.479999999999999927e-01 2.002020547015548324e+00 4.008086270672435170e+00
1.489999999999999936e-01 1.998054518118140610e+00 3.992221857372315164e+00
1.499999999999999944e-01 2.010073953485908227e+00 4.040397298482468535e+00
1.509999999999999953e-01 2.011028044118122082e+00 4.044233794229558754e+00
1.519999999999999962e-01 2.023347927489683951e+00 4.093936835676800001e+00
1.529999999999999971e-01 2.022494969092102579e+00 4.090485900002865272e+00
1.539999999999999980e-01 2.022552866259194726e+00 4.090720096813283746e+00
1.549999999999999989e-01 2.022280917082556417e+00 4.089620107596266152e+00
1.559999999999999998e-01 2.025033347110688275e+00 4.100760056910317530e+00
1.570000000000000007e-01 2.023064231166797011e+00 4.092788883426504043e+00
1.580000000000000016e-01 2.017326177029276746e+00 4.069604904527555966e+00
1.590000000000000024e-01 2.007453110934081852e+00 4.029867992598923365e+00
1.600000000000000033e-01 2.018223302343421732e+00 4.073225298121986526e+00
1.610000000000000042e-01 2.020459341815030285e+00 4.082255951927625581e+00
1.620000000000000051e-01 1.987986519167411315e+00 3.952090400391360614e+00
1.630000000000000060e-01 1.971679630276426121e+00 3.887520564446984572e+00
1.640000000000000069e-01 1.962836625716648298e+00 3.852727619254717961e+00
1.650000000000000078e-01 1.949237098876279939e+00 3.799525267635615933e+00
1.660000000000000087e-01 1.928055284628130917e+00 3.717397180582463267e+00
1.670000000000000095e-01 1.920642428339183416e+00 3.688867337536635649e+00
1.680000000000000104e-01 1.914201974532441231e+00 3.664169199303897173e+00
1.690000000000000113e-01 1.923753615465880529e+00 3.700827973018046890e+00
1.700000000000000122e-01 1.934492946201446850e+00 3.742262958903153969e+00
1.710000000000000131e-01 1.936366007463303562e+00 3.749513314859374891e+00
1.720000000000000140e-01 1.939635273312258379e+00 3.762184993477119654e+00
1.730000000000000149e-01 1.948914689558916669e+00 3.798268467178528951e+00
1.740000000000000158e-01 1.961193622096660372e+00 3.846280423352618438e+00
1.750000000000000167e-01 1.960512078527931301e+00 3.843607610053909607e+00
1.759999999999999898e-01 1.958364650966901488e+00 3.835192106156714242e+00
1.769999999999999907e-01 1.957495022960818121e+00 3.831786764916373933e+00
1.779999999999999916e-01 1.966716643839257150e+00 3.867974357154351672e+00
1.789999999999999925e-01 1.968418342434163248e+00 3.874670770831258437e+00
1.799999999999999933e-01 1.971082852473232894e+00 3.885167611314016334e+00
1.809999999999999942e-01 1.982623039301592005e+00 3.930794115969482139e+00
1.819999999999999951e-01 1.998443100396638084e+00 3.993774825522927063e+00
1.829999999999999960e-01 2.009780427187923380e+00 4.039217365507671964e+00
1.839999999999999969e-01 2.023443666567814159e+00 4.094324271773398749e+00
1.849999999999999978e-01 2.037060395978634642e+00 4.149615056864631946e+00
1.859999999999999987e-01 2.055905289303623373e+00 4.226746558586614633e+00
1.869999999999999996e-01 2.066448592644811733e+00 4.270209786043722922e+00
1.880000000000000004e-01 2.064238128801560546e+00 4.261079052398167200e+00
1.890000000000000013e-01 2.062974106194458646e+00 4.255862162828824680e+00
1.900000000000000022e-01 2.058445489763671699e+00 4.237197834328402912e+00
1.910000000000000031e-01 2.065375568727999767e+00 4.265776239898508848e+00
1.920000000000000040e-01 2.071922370142825542e+00 4.292862307898263730e+00
1.930000000000000049e-01 2.062738122262451235e+00 4.254888561034823269e+00
1.940000000000000058e-01 2.068416226050802553e+00 4.278345684190245635e+00
1.950000000000000067e-01 2.069518638266442334e+00 4.282907394132190682e+00
1.960000000000000075e-01 2.085769483806283020e+00 4.350434339577527787e+00
1.970000000000000084e-01 2.086915378800852761e+00 4.355215798275507311e+00
1.980000000000000093e-01 2.077829800206083100e+00 4.317376678624451181e+00
1.990000000000000102e-01 2.078606055461480029e+00 4.320603133801133922e+00
2.000000000000000111e-01 2.078014238074823883e+00 4.318143173641690424e+00
2.010000000000000120e-01 2.081807679367817521e+00 4.333923213874816938e+00
2.020000000000000129e-01 2.079568497750838407e+00 4.324605136837678998e+00
2.030000000000000138e-01 2.083384506977356221e+00 4.340491003913282242e+00
2.040000000000000147e-01 2.096643417120308328e+00 4.395913618553923818e+00
2.050000000000000155e-01 2.119519171768009969e+00 4.492361519492150457e+00
2.060000000000000164e-01 2.130537228472300537e+00 4.539188881906432549e+00
2.070000000000000173e-01 2.134823705601719190e+00 4.557472253999055312e+00
2.080000000000000182e-01 2.154397994665530724e+00 4.641430719418861095e+00
2.089999999999999913e-01 2.170404598846307653e+00 4.710656122693201553e+00
2.099999999999999922e-01 2.168234571431343127e+00 4.701241156750059602e+00
2.109999999999999931e-01 2.162126554415240154e+00 4.674791237307519332e+00
2.119999999999999940e-01 2.173496514480060871e+00 4.724087098456974054e+00
2.129999999999999949e-01 2.183290805663141487e+00 4.766758742093209378e+00
2.139999999999999958e-01 2.194864443161266276e+00 4.817429923853615570e+00
2.149999999999999967e-01 2.192836239752616212e+00 4.808530774372393957e+00
2.159999999999999976e-01 2.208705629723479280e+00 4.878380558772190234e+00
2.169999999999999984e-01 2.224717193455436615e+00 4.949366590856235426e+00
2.179999999999999993e-01 2.237808490057834554e+00 5.007786838174924426e+00
2.190000000000000002e-01 2.237500115938840128e+00 5.006406768826323628e+00
2.200000000000000011e-01 2.238120392772135148e+00 5.009182892542495935e+00
2.210000000000000020e-01 2.247264238949405080e+00 5.050196559660848905e+00
2.220000000000000029e-01 2.244703585688800906e+00 5.038694187604159325e+00
2.230000000000000038e-01 2.233215349042882547e+00 4.987250795200724340e+00
2.240000000000000047e-01 2.227601254895999361e+00 4.962207350814231255e+00
2.250000000000000056e-01 2.224923494903308985e+00 4.950284558172754146e+00
2.260000000000000064e-01 2.214692904980324784e+00 4.904864663370190669e+00
2.270000000000000073e-01 2.199632488968251920e+00 4.838383086524667753e+00
2.280000000000000082e-01 2.188315307513334584e+00 4.788723885097179611e+00
2.290000000000000091e-01 2.188940450216840805e+00 4.791460294595506042e+00
2.300000000000000100e-01 2.191233508005558495e+00 4.801504286606345318e+00
2.310000000000000109e-01 2.183366468956756901e+00 4.767089137764696893e+00
2.320000000000000118e-01 2.181064133208922229e+00 4.757040753170388214e+00
2.330000000000000127e-01 2.198057849295282029e+00 4.831458308848601391e+00
2.340000000000000135e-01 2.197664191107760345e+00 4.829727896877327176e+00
2.350000000000000144e-01 2.196575920201693233e+00 4.824945773209916133e+00
2.360000000000000153e-01 2.211731837882833229e+00 4.891757722704574540e+00
2.370000000000000162e-01 2.218832870589573236e+00 4.923219307608766471e+00
2.380000000000000171e-01 2.238843352063358605e+00 5.012419555078296618e+00
2.390000000000000180e-01 2.239047430347981926e+00 5.013333395347900456e+00
2.399999999999999911e-01 2.236990675257716443e+00 5.004127281189973964e+00
2.409999999999999920e-01 2.247357379246067044e+00 5.050615190051749970e+00
2.419999999999999929e-01 2.244224568932041031e+00 5.036543915798205262e+00
2.429999999999999938e-01 2.246776549563111125e+00 5.048004863666720077e+00
2.439999999999999947e-01 2.245732351950877614e+00 5.043313796598821064e+00
2.449999999999999956e-01 2.258583913180614910e+00 5.101201292878259963e+00
2.459999999999999964e-01 2.272683577790801213e+00 5.165090644759996685e+00
2.469999999999999973e-01 2.273443044025940107e+00 5.168543274429933554e+00
2.479999999999999982e-01 2.283544690173040070e+00 5.214576352017484595e+00
2.489999999999999991e-01 2.290752055873827242e+00 5.247544981490166016e+00
2.500000000000000000e-01 2.285589960515551411e+00 5.223921467609480729e+00
2.510000000000000009e-01 2.294103184378709859e+00 5.262909420576536768e+00
2.520000000000000018e-01 2.299231989222792816e+00 5.286467740265401005e+00
2.530000000000000027e-01 2.307633125266467911e+00 5.325170640827085577e+00
2.540000000000000036e-01 2.315972323480343320e+00 5.363727803126939087e+00
2.550000000000000044e-01 2.319143815096672778e+00 5.378428035101149973e+00
2.560000000000000053e-01 2.334740465314227631e+00 5.451013040375697116e+00
2.570000000000000062e-01 2.337620684377381242e+00 5.464470464028976515e+00
2.580000000000000071e-01 2.336686747550497767e+00 5.460104956178123636e+00
2.590000000000000080e-01 2.341347495559270797e+00 5.481908094961670308e+00
2.600000000000000089e-01 2.347292050607783231e+00 5.509779970846492958e+00
2.610000000000000098e-01 2.341543752377734489e+00 5.482827144299200484e+00
2.620000000000000107e-01 2.343149652133720284e+00 5.490350292294373880e+00
2.630000000000000115e-01 2.350414745406222305e+00 5.524449475422997580e+00
2.640000000000000124e-01 2.351368425013939500e+00 5.528933470152534113e+00
2.650000000000000133e-01 2.347430359856766291e+00 5.510429294377267695e+00
2.660000000000000142e-01 2.340469528275269440e+00 5.477797612785061609e+00
2.670000000000000151e-01 2.337184582877484207e+00 5.462431774440199561e+00
2.680000000000000160e-01 2.318287971545500703e+00 5.374459119012552577e+00
2.690000000000000169e-01 2.315258986870520452e+00 5.360424176284708686e+00
2.700000000000000178e-01 2.315415433538978718e+00 5.361148629870497118e+00
2.710000000000000187e-01 2.316868937793136851e+00 5.367881674910697676e+00
2.720000000000000195e-01 2.317233020176602931e+00 5.369568869796781385e+00
2.730000000000000204e-01 2.316005809826999773e+00 5.363882911152417776e+00
2.740000000000000213e-01 2.313083569758038305e+00 5.350355600684589596e+00
2.750000000000000222e-01 2.310145878404463726e+00 5.336773979509130683e+00
2.760000000000000231e-01 2.317140991485644896e+00 5.369142374423077513e+00
2.770000000000000240e-01 2.309777986277415707e+00 5.335074345891753111e+00
2.780000000000000249e-01 2.309269995567747813e+00 5.332727912429465533e+00
2.790000000000000258e-01 2.306546657500229802e+00 5.320157483225482764e+00
2.800000000000000266e-01 2.312940462271475539e+00 5.349693582012587711e+00
2.810000000000000275e-01 2.309380157124166999e+00 5.333236710118842261e+00
2.820000000000000284e-01 2.301482813311770848e+00 5.296823139969462524e+00
2.830000000000000293e-01 2.308831112222969217e+00 5.330701104768754028e+00
2.840000000000000302e-01 2.294375580039253126e+00 5.264159302280459585e+00
2.850000000000000311e-01 2.298229001775127678e+00 5.281856544600300296e+00
2.860000000000000320e-01 2.308046649516700022e+00 5.327079336345264871e+00
2.870000000000000329e-01 2.322056681850985349e+00 5.391947233728808797e+00
2.880000000000000338e-01 2.327195064592733065e+00 5.415836868664774428e+00
2.889999999999999791e-01 2.331590637434341140e+00 5.436314900571478148e+00
2.899999999999999800e-01 2.334569098005764509e+00 5.450212873363449617e+00
2.909999999999999809e-01 2.347893550513798555e+00 5.512604124544291828e+00
2.919999999999999818e-01 2.357994570939813350e+00 5.560138396581634446e+00
2.929999999999999827e-01 2.356994391798635125e+00 5.555422562970218081e+00
2.939999999999999836e-01 2.357414663653030207e+00 5.557403896406328592e+00
2.949999999999999845e-01 2.361539803148002381e+00 5.576870241852306620e+00
2.959999999999999853e-01 2.355131233766768251e+00 5.546643128263780476e+00
2.969999999999999862e-01 2.355162485489413093e+00 5.546790333056669020e+00
2.979999999999999871e-01 2.363779403850487792e+00 5.587453070067768479e+00
2.989999999999999880e-01 2.355392162178812754e+00 5.547872237653382221e+00
2.999999999999999889e-01 2.354398894903008799e+00 5.543194156320509158e+00
3.009999999999999898e-01 2.370657263613250354e+00 5.620015861522263734e+00
3.019999999999999907e-01 2.373979833852501109e+00 5.635780251538348828e+00
3.029999999999999916e-01 2.377522642448458345e+00 5.652613915355098939e+00
3.039999999999999925e-01 2.388533861123874669e+00 5.705094005735325879e+00
3.049999999999999933e-01 2.384347890607037446e+00 5.685114863442228383e+00
3.059999999999999942e-01 2.386708807617366368e+00 5.696378932358309832e+00
3.069999999999999951e-01 2.384671074081222031e+00 5.686656131559688632e+00
3.079999999999999960e-01 2.374889307951296935e+00 5.640099225021390161e+00
3.089999999999999969e-01 2.383349641888833581e+00 5.680355515491630314e+00
3.099999999999999978e-01 2.390525965133772690e+00 5.714614389978756037e+00
3.109999999999999987e-01 2.385835801966152747e+00 5.692212473943476070e+00
3.119999999999999996e-01 2.386557178713932803e+00 5.695655167271007180e+00
3.130000000000000004e-01 2.387955476589638693e+00 5.702331358174449250e+00
3.140000000000000013e-01 2.399477972769224365e+00 5.757494541804706323e+00
3.150000000000000022e-01 2.418031800312983037e+00 5.846877787324846310e+00
3.160000000000000031e-01 2.406558882994471293e+00 5.791525657319597009e+00
3.170000000000000040e-01 2.414016062048851996e+00 5.827473547829845835e+00
3.180000000000000049e-01 2.417250800517648734e+00 5.843101432603213574e+00
3.190000000000000058e-01 2.418856050573026550e+00 5.850864593393740876e+00
3.200000000000000067e-01 2.413947449598874861e+00 5.827142289424912747e+00
3.210000000000000075e-01 2.412290265991645644e+00 5.819144327398045213e+00
3.220000000000000084e-01 2.425066092118346450e+00 5.880945551142147565e+00
3.230000000000000093e-01 2.424995190092588349e+00 5.880601671972189415e+00
3.240000000000000102e-01 2.429364794416294160e+00 5.901813304349323275e+00
3.250000000000000111e-01 2.430510979295195995e+00 5.907383620474493391e+00
3.260000000000000120e-01 2.431589306555111296e+00 5.912626555753167423e+00
3.270000000000000129e-01 2.443522682180192085e+00 5.970803098329079184e+00
3.280000000000000138e-01 2.440323582393835622e+00 5.955179186787484369e+00
3.290000000000000147e-01 2.444389862344562570e+00 5.975041799132869258e+00
3.300000000000000155e-01 2.437185600197317559e+00 5.939873649809158884e+00
3.310000000000000164e-01 2.443805301450115319e+00 5.972184351395689816e+00
3.320000000000000173e-01 2.445911869909781711e+00 5.982484875365564392e+00
3.330000000000000182e-01 2.447232096635300724e+00 5.988944934802009179e+00
3.340000000000000191e-01 2.457791111421439023e+00 6.040737147382233552e+00
3.350000000000000200e-01 2.465560610468504610e+00 6.078989123893824065e+00
3.360000000000000209e-01 2.476162921764720082e+00 6.131382815122394803e+00
3.370000000000000218e-01 2.479160722013492801e+00 6.146237885574461934e+00
3.380000000000000226e-01 2.493313398496533662e+00 6.216611703122334021e+00
3.390000000000000235e-01 2.504685091980065614e+00 6.273447409987189971e+00
3.400000000000000244e-01 2.507564820868071198e+00 6.287881330855122464e+00
3.410000000000000253e-01 2.522933988771780545e+00 6.365195911699887077e+00
3.420000000000000262e-01 2.526845372695671887e+00 6.384947537513530058e+00
3.430000000000000271e-01 2.522338771924768519e+00 6.362192880354950120e+00
3.440000000000000280e-01 2.532470575361606357e+00 6.413407215072345124e+00
3.450000000000000289e-01 2.535011743672020312e+00 6.426284540555056601e+00
3.460000000000000298e-01 2.545750488656534749e+00 6.480845550494986007e+00
3.470000000000000306e-01 2.551551143670753863e+00 6.510413238767532640e+00
3.480000000000000315e-01 2.549460419053364291e+00 6.499748428319755078e+00
3.490000000000000324e-01 2.540860130793680671e+00 6.455970204256879619e+00
3.500000000000000333e-01 2.541364404637131535e+00 6.458533037156642287e+00
3.510000000000000342e-01 2.527815956971287914e+00 6.389853512318667050e+00
3.519999999999999796e-01 2.510879944102257788e+00 6.304518093694956526e+00
3.529999999999999805e-01 2.513894021998019479e+00 6.319663153837379532e+00
3.539999999999999813e-01 2.500557413519031602e+00 6.252787378304989652e+00
3.549999999999999822e-01 2.488274327469946368e+00 6.191509128746012891e+00
3.559999999999999831e-01 2.476873307974866378e+00 6.134901383758356808e+00
3.569999999999999840e-01 2.466246036580681977e+00 6.082369512949922452e+00
3.579999999999999849e-01 2.468240131572842611e+00 6.092209347106723349e+00
3.589999999999999858e-01 2.455409240933791093e+00 6.029034540463055869e+00
3.599999999999999867e-01 2.443476150579393824e+00 5.970575698450291569e+00
3.609999999999999876e-01 2.447730235608540195e+00 5.991383306312240364e+00
3.619999999999999885e-01 2.451545987662989035e+00 6.010077729626500442e+00
3.629999999999999893e-01 2.462967758717058864e+00 6.066210180479733260e+00
3.639999999999999902e-01 2.451672021081378272e+00 6.010695698953250954e+00
3.649999999999999911e-01 2.438177675190268623e+00 5.944710375796223190e+00
3.659999999999999920e-01 2.431619895735176229e+00 5.912775317335150049e+00
3.669999999999999929e-01 2.421502240395761785e+00 5.863673100241692637e+00
3.679999999999999938e-01 2.420459291180911521e+00 5.858623180264000752e+00
3.689999999999999947e-01 2.408108972499964917e+00 5.798988823434836348e+00
3.699999999999999956e-01 2.397217369808201770e+00 5.746651118110151835e+00
3.709999999999999964e-01 2.409119463443632370e+00 5.803856589142935896e+00
3.719999999999999973e-01 2.412576516314962838e+00 5.820525447074442305e+00
3.729999999999999982e-01 2.410358746896170690e+00 5.809829288738877828e+00
3.739999999999999991e-01 2.402204687566192653e+00 5.770587360964989365e+00
3.750000000000000000e-01 2.405897825957776348e+00 5.788344348948354146e+00
3.760000000000000009e-01 2.401925397786952132e+00 5.769245616534007581e+00
3.770000000000000018e-01 2.402530808385628713e+00 5.772154285242102389e+00
3.780000000000000027e-01 2.405932993515485840e+00 5.788513569286386051e+00
3.790000000000000036e-01 2.410173450518421134e+00 5.808936061583873212e+00
3.800000000000000044e-01 2.419825578547132761e+00 5.855555830590964739e+00
3.810000000000000053e-01 2.427066447857699316e+00 5.890651542316589939e+00
3.820000000000000062e-01 2.426066982330481014e+00 5.885801002754126543e+00
3.830000000000000071e-01 2.432525981072735544e+00 5.917182648593874106e+00
3.840000000000000080e-01 2.440916028747922351e+00 5.958071059398529101e+00
3.850000000000000089e-01 2.444144173344106274e+00 5.973840740091945101e+00
3.860000000000000098e-01 2.450234687514566634e+00 6.003650023899606225e+00
3.870000000000000107e-01 2.455723633234223158e+00 6.030578562825093414e+00
3.880000000000000115e-01 2.447688812698848082e+00 5.991180523811095782e+00
3.890000000000000124e-01 2.439586176517966276e+00 5.951580712657548844e+00
3.900000000000000133e-01 2.437055124650659543e+00 5.939237680586041179e+00
3.910000000000000142e-01 2.432877608552236115e+00 5.918893458194847135e+00
3.920000000000000151e-01 2.435869857954087170e+00 5.933461964889264806e+00
3.930000000000000160e-01 2.425010199020964929e+00 5.880674465355700598e+00
3.940000000000000169e-01 2.417081005181653364e+00 5.842280585609952226e+00
3.950000000000000178e-01 2.418563007180336122e+00 5.849447019701190520e+00
3.960000000000000187e-01 2.416198162564872742e+00 5.838013560781867284e+00
3.970000000000000195e-01 2.404588471463733779e+00 5.782045717096295334e+00
3.980000000000000204e-01 2.402997433563659690e+00 5.774396665713535270e+00
3.990000000000000213e-01 2.407525606647968885e+00 5.796179546665671367e+00
4.000000000000000222e-01 2.406872093390204803e+00 5.793033273940547012e+00
4.010000000000000231e-01 2.414966252261291579e+00 5.832061999560948173e+00
4.020000000000000240e-01 2.407391514141229205e+00 5.795533902359200518e+00
4.030000000000000249e-01 2.410532353106252135e+00 5.810666225371964977e+00
4.040000000000000258e-01 2.413564505793110992e+00 5.825293623624343553e+00
4.050000000000000266e-01 2.415023106000790065e+00 5.832336602517703916e+00
4.060000000000000275e-01 2.410368815968936484e+00 5.809877828995491988e+00
4.070000000000000284e-01 2.408504831763051968e+00 5.800895524625967248e+00
4.080000000000000293e-01 2.413107430817266863e+00 5.823087472665511299e+00
4.090000000000000302e-01 2.402434154544358158e+00 5.771689866921263956e+00
4.100000000000000311e-01 2.402917270654181703e+00 5.774011409608142742e+00
4.110000000000000320e-01 2.395678986396169829e+00 5.739277805860178994e+00
4.120000000000000329e-01 2.386750949126693833e+00 5.696580093157173508e+00
4.130000000000000338e-01 2.381495610850695499e+00 5.671521344501127437e+00
4.140000000000000346e-01 2.385330259375526563e+00 5.689800446292515801e+00
4.150000000000000355e-01 2.377329208304693076e+00 5.651694164658618291e+00
4.160000000000000364e-01 2.370718189763369566e+00 5.620304735274907593e+00
4.169999999999999818e-01 2.371535113541160644e+00 5.624178794758685207e+00
4.179999999999999827e-01 2.363546828510810549e+00 5.586353610563509875e+00
4.189999999999999836e-01 2.358406811354029742e+00 5.562082687841081174e+00
4.199999999999999845e-01 2.352940382023069876e+00 5.536328441354869234e+00
4.209999999999999853e-01 2.354296620130722495e+00 5.542712575558943477e+00
4.219999999999999862e-01 2.365679801690999895e+00 5.596440924128769367e+00
4.229999999999999871e-01 2.369257397532554599e+00 5.613380615762732617e+00
4.239999999999999880e-01 2.378103110445914936e+00 5.655374403912536430e+00
4.249999999999999889e-01 2.386430287113121107e+00 5.695049515250813599e+00
4.259999999999999898e-01 2.388382852657633393e+00 5.704372650869014016e+00
4.269999999999999907e-01 2.390320390116478233e+00 5.713631567406592282e+00
4.279999999999999916e-01 2.384236767027611226e+00 5.684584961246275547e+00
4.289999999999999925e-01 2.383061940774167997e+00 5.678984213566343975e+00
4.299999999999999933e-01 2.377092768875625151e+00 5.650570031840786100e+00
4.309999999999999942e-01 2.389051326264943764e+00 5.707566239528286012e+00
4.319999999999999951e-01 2.390035225091893256e+00 5.712268377180056866e+00
4.329999999999999960e-01 2.382218129342082769e+00 5.674963215766091196e+00
4.339999999999999969e-01 2.386510678973599475e+00 5.695433220855031564e+00
4.349999999999999978e-01 2.392985846954425178e+00 5.726381263724188209e+00
4.359999999999999987e-01 2.393853903919812787e+00 5.730536513312128655e+00
4.369999999999999996e-01 2.393345097690112500e+00 5.728100756637293678e+00
4.380000000000000004e-01 2.403784371010446286e+00 5.778179302314086385e+00
4.390000000000000013e-01 2.399637735408128858e+00 5.758261261194653535e+00
4.400000000000000022e-01 2.403786248775781953e+00 5.778188329803546353e+00
4.410000000000000031e-01 2.420507282602530008e+00 5.858855505131884023e+00
4.420000000000000040e-01 2.418668473155823229e+00 5.849957183037920672e+00
4.430000000000000049e-01 2.422979953711643208e+00 5.870831856088477352e+00
4.440000000000000058e-01 2.432230260817230594e+00 5.915744041635054629e+00
4.450000000000000067e-01 2.452189067825682578e+00 6.013231224363789984e+00
4.460000000000000075e-01 2.466985665269423311e+00 6.086018272644819760e+00
4.470000000000000084e-01 2.478292606085897187e+00 6.141934241380027970e+00
4.480000000000000093e-01 2.478944649928600974e+00 6.145166577409634456e+00
4.490000000000000102e-01 2.483185182666300950e+00 6.166208651413469966e+00
4.500000000000000111e-01 2.486478985024893174e+00 6.182577742970423174e+00
4.510000000000000120e-01 2.483703827899394589e+00 6.168784704722106049e+00
4.520000000000000129e-01 2.484202297331714604e+00 6.171261054068168939e+00
4.530000000000000138e-01 2.490852661101262466e+00 6.204346979315239707e+00
4.540000000000000147e-01 2.486330946794788499e+00 6.181841576989469900e+00
4.550000000000000155e-01 2.474671781434451212e+00 6.124000425827961003e+00
4.560000000000000164e-01 2.468744445145479638e+00 6.094699135436663084e+00
4.570000000000000173e-01 2.466774756083512266e+00 6.084977697250871564e+00
4.580000000000000182e-01 2.462329860247551405e+00 6.063068340666725398e+00
4.590000000000000191e-01 2.455365074956653348e+00 6.028817651316892068e+00
4.600000000000000200e-01 2.461503655856634332e+00 6.059000247795576222e+00
4.610000000000000209e-01 2.472352594487196242e+00 6.112527351467570647e+00
4.620000000000000218e-01 2.472926795611118500e+00 6.115366936451475333e+00
4.630000000000000226e-01 2.459486906293766761e+00 6.049075842230484668e+00
4.640000000000000235e-01 2.462042633519822665e+00 6.061653929269224861e+00
4.650000000000000244e-01 2.468713664339702074e+00 6.094547156497559293e+00
4.660000000000000253e-01 2.466346770212809680e+00 6.082866390939157597e+00
4.670000000000000262e-01 2.462749513382116451e+00 6.065135165663850358e+00
4.680000000000000271e-01 2.460891954773799295e+00 6.055989213070411381e+00
4.690000000000000280e-01 2.458215846056191811e+00 6.042825145801759668e+00
4.700000000000000289e-01 2.469499248560776739e+00 6.098426538642241823e+00
4.710000000000000298e-01 2.476770898947914468e+00 6.134394085875260139e+00
4.720000000000000306e-01 2.475744742838830170e+00 6.129312031694105656e+00
4.730000000000000315e-01 2.476569635405644565e+00 6.133397159013246558e+00
4.740000000000000324e-01 2.472749217246902109e+00 6.114488691395166597e+00
4.750000000000000333e-01 2.464680570544675930e+00 6.074650314820428498e+00
4.760000000000000342e-01 2.449599816290783938e+00 6.000539259971842121e+00
4.770000000000000351e-01 2.453232300947340683e+00 6.018348722411384522e+00
4.780000000000000360e-01 2.457401638340373839e+00 6.038822812117953021e+00
4.790000000000000369e-01 2.455268440076026071e+00 6.028343112833362660e+00
4.799999999999999822e-01 2.461419918220460801e+00 6.058588013812419959e+00
4.809999999999999831e-01 2.466324063118869425e+00 6.082754384319168928e+00
4.819999999999999840e-01 2.463996357478387189e+00 6.071278049666759102e+00
4.829999999999999849e-01 2.465585403872745829e+00 6.079111383790330336e+00
4.839999999999999858e-01 2.470847574342780906e+00 6.105087735635603252e+00
4.849999999999999867e-01 2.466238955638178521e+00 6.082334586307292845e+00
4.859999999999999876e-01 2.464488208015402915e+00 6.073702127446971133e+00
4.869999999999999885e-01 2.465552134400923467e+00 6.078947327448950055e+00
4.879999999999999893e-01 2.457823212576539795e+00 6.040894944280061907e+00
4.889999999999999902e-01 2.457008341753361691e+00 6.036889991445604231e+00
4.899999999999999911e-01 2.453073262219615636e+00 6.017568429816786413e+00
4.909999999999999920e-01 2.443524980405645142e+00 5.970814329866407810e+00
4.919999999999999929e-01 2.446557808612689566e+00 5.985645110883725195e+00
4.929999999999999938e-01 2.436180858194689325e+00 5.934977173834212749e+00
4.939999999999999947e-01 2.421049200194683504e+00 5.861479229763316035e+00
4.949999999999999956e-01 2.420469070023600455e+00 5.858670518940912508e+00
4.959999999999999964e-01 2.431016238081181058e+00 5.909839949814377213e+00
4.969999999999999973e-01 2.433832290055696568e+00 5.923539616117755813e+00
4.979999999999999982e-01 2.429849885328996706e+00 5.904170465233338660e+00
4.989999999999999991e-01 2.428015486541004631e+00 5.895259202882950689e+00
5.000000000000000000e-01 2.429512326992715465e+00 5.902530147009559691e+00
