# time(ps)   RMSD(Ang)   MSD(Ang^2)
0.000000000000000000e+00 0.000000000000000000e+00 0.000000000000000000e+00
1.000000000000000021e-03 1.657269797688778745e-01 2.746543182331405430e-02
2.000000000000000042e-03 2.650225470809134398e-01 7.023695046125498498e-02
3.000000000000000062e-03 4.240763736596903088e-01 1.798407706963532637e-01
4.000000000000000083e-03 5.658411213476505219e-01 3.201761746079666016e-01
5.000000000000000104e-03 7.402517150499996479e-01 5.479726016344658168e-01
6.000000000000000125e-03 8.681722754167475742e-01 7.537230998022930173e-01
7.000000000000000146e-03 8.774029354945814818e-01 7.698359112145086725e-01
8.000000000000000167e-03 9.325237176680611917e-01 8.696004840134619052e-01
9.000000000000001055e-03 9.553612062604819322e-01 9.127150344274831406e-01
1.000000000000000021e-02 9.967313629335843306e-01 9.934734098554406367e-01
1.099999999999999936e-02 1.047522288583301320e+00 1.097302945078797443e+00
1.200000000000000025e-02 1.036562152315470442e+00 1.074461095612880390e+00
1.300000000000000114e-02 1.063708503370100589e+00 1.131475780141859344e+00
1.400000000000000029e-02 1.136984844563747155e+00 1.292734536767648379e+00
1.499999999999999944e-02 1.166364049199783981e+00 1.360405095265716291e+00
1.600000000000000033e-02 1.175343323297662668e+00 1.381431927620394129e+00
1.700000000000000122e-02 1.226694075790118355e+00 1.504778355578572757e+00
1.800000000000000211e-02 1.264421800602745005e+00 1.598762489839487655e+00
1.899999999999999953e-02 1.281968519098809711e+00 1.643443283960394963e+00
2.000000000000000042e-02 1.370045545945430154e+00 1.877024797964911507e+00
2.100000000000000130e-02 1.401915396028474925e+00 1.965366777621675665e+00
2.199999999999999872e-02 1.422216072422736399e+00 2.022698556657554381e+00
2.299999999999999961e-02 1.496075051613813267e+00 2.238240560061274032e+00
2.400000000000000050e-02 1.559041907197572518e+00 2.430611668398244163e+00
2.500000000000000139e-02 1.669568914640841673e+00 2.787460360734998144e+00
2.600000000000000228e-02 1.782463326565949746e+00 3.177175510552551430e+00
2.699999999999999969e-02 1.844937954921060719e+00 3.403796057508305939e+00
2.800000000000000058e-02 1.839166866203673978e+00 3.382534761741442519e+00
2.900000000000000147e-02 1.912805978753248537e+00 3.658826712354173338e+00
2.999999999999999889e-02 1.906933813404391831e+00 3.636396568705015486e+00
3.099999999999999978e-02 1.882950756614524046e+00 3.545503551835208711e+00
3.200000000000000067e-02 1.908467980207265047e+00 3.642250031476397698e+00
3.300000000000000155e-02 1.963430403029970295e+00 3.855058947542431724e+00
3.400000000000000244e-02 2.028708482758992293e+00 4.115658108018291905e+00
3.500000000000000333e-02 2.027579013904405425e+00 4.111076657625560848e+00
3.600000000000000422e-02 2.058978507574582562e+00 4.239392494654055987e+00
3.699999999999999817e-02 2.076050902691723543e+00 4.309987350567119790e+00
3.799999999999999906e-02 2.047819306341887913e+00 4.193563911426571700e+00
3.899999999999999994e-02 2.100922831105926480e+00 4.413876742262140773e+00
4.000000000000000083e-02 2.145996021634060558e+00 4.605298924869216215e+00
4.100000000000000172e-02 2.140796900257480484e+00 4.583011368152036802e+00
4.200000000000000261e-02 2.175990914859250225e+00 4.734936461549995812e+00
4.300000000000000350e-02 2.243866963979652240e+00 5.034938952039261117e+00
4.399999999999999745e-02 2.301369588729097249e+00 5.296301983927134138e+00
4.499999999999999833e-02 2.300056239235618527e+00 5.290258703646697036e+00
4.599999999999999922e-02 2.377345498742426511e+00 5.651771620390877438e+00
4.700000000000000011e-02 2.367102581512786852e+00 5.603174631404499451e+00
4.800000000000000100e-02 2.367905984299834898e+00 5.606978750482970675e+00
4.900000000000000189e-02 2.353717892326654404e+00 5.539987916658628997e+00
5.000000000000000278e-02 2.383079139649010969e+00 5.679066185830270008e+00
5.100000000000000366e-02 2.361311714589597432e+00 5.575793013458064884e+00
5.200000000000000455e-02 2.318489380607395400e+00 5.375393007989264227e+00
5.299999999999999850e-02 2.333136900002118708e+00 5.443527794151496124e+00
5.399999999999999939e-02 2.305115282134941879e+00 5.313556463932052942e+00
5.500000000000000028e-02 2.385416676899581923e+00 5.690212722430644021e+00
5.600000000000000117e-02 2.383322507897581488e+00 5.680226176651217429e+00
5.700000000000000205e-02 2.496308991555367562e+00 6.231558581320176593e+00
5.800000000000000294e-02 2.546963987163004539e+00 6.487025551905269083e+00
5.900000000000000383e-02 2.425709462471846489e+00 5.884066396325454917e+00
5.999999999999999778e-02 2.566300526963484874e+00 6.585898394693060709e+00
6.099999999999999867e-02 2.527902947859244964e+00 6.390293313795461394e+00
6.199999999999999956e-02 2.628991807315240958e+00 6.911597922930656779e+00
6.300000000000000044e-02 2.678010191783505967e+00 7.171738587296329293e+00
6.400000000000000133e-02 2.638336071705539965e+00 6.960817227262619866e+00
6.500000000000000222e-02 2.722419024660029052e+00 7.411565345830863016e+00
6.600000000000000311e-02 2.667635908587101312e+00 7.116281340783330300e+00
6.700000000000000400e-02 2.731911470586494861e+00 7.463340283122064100e+00
6.800000000000000488e-02 2.680422862675996054e+00 7.184666722756181123e+00
6.900000000000000577e-02 2.667474913142195536e+00 7.115422412242963901e+00
7.000000000000000666e-02 2.646967859070132878e+00 7.006438846950323374e+00
7.100000000000000755e-02 2.522167946323848220e+00 6.361331149463459234e+00
7.200000000000000844e-02 2.526224101524679355e+00 6.381808211124174512e+00
7.299999999999999545e-02 2.527582600407906721e+00 6.388673801884796610e+00
7.399999999999999634e-02 2.559504294664469271e+00 6.551062234405861773e+00
7.499999999999999722e-02 2.674851532757592576e+00 7.154830722295643319e+00
7.599999999999999811e-02 2.719167604423545104e+00 7.393872460946480096e+00
7.699999999999999900e-02 2.758155095253524980e+00 7.607419529472981168e+00
7.799999999999999989e-02 2.815586805076324417e+00 7.927529056919905059e+00
7.900000000000000078e-02 2.811650118891356964e+00 7.905376391061781582e+00
8.000000000000000167e-02 2.846374894029145786e+00 8.101850037359431767e+00
8.100000000000000255e-02 2.868724792791197409e+00 8.229581936774899020e+00
8.200000000000000344e-02 2.846700708503637767e+00 8.103704923795111981e+00
8.300000000000000433e-02 2.904833894272845551e+00 8.438059953316345840e+00
8.400000000000000522e-02 2.873650573085585247e+00 8.257867616195113669e+00
8.500000000000000611e-02 2.941893803956075804e+00 8.654739153755150127e+00
8.600000000000000699e-02 2.921477234919190202e+00 8.535029234151076949e+00
8.700000000000000788e-02 2.922069039616329800e+00 8.538487472284298718e+00
8.799999999999999489e-02 3.008581012183122461e+00 9.051559706868820498e+00
8.899999999999999578e-02 2.946935377926203081e+00 8.684428121673052559e+00
8.999999999999999667e-02 2.987096245219068358e+00 8.922743978201857828e+00
9.099999999999999756e-02 2.975076856214275978e+00 8.851082300381818868e+00
9.199999999999999845e-02 2.960971099392474493e+00 8.767349851437479913e+00
9.299999999999999933e-02 2.912484153178291013e+00 8.482563942514667943e+00
9.400000000000000022e-02 2.828455093842702439e+00 8.000158217884731471e+00
9.500000000000000111e-02 2.871844998903834600e+00 8.247493697728964790e+00
9.600000000000000200e-02 2.865903959476763241e+00 8.213405504944589097e+00
9.700000000000000289e-02 2.861286319397505107e+00 8.186959401571321848e+00
9.800000000000000377e-02 2.845585959942876109e+00 8.097359455424019359e+00
9.900000000000000466e-02 2.731176840264478489e+00 7.459326932797060827e+00
1.000000000000000056e-01 2.769208385036566522e+00 7.668515079756828889e+00
1.010000000000000064e-01 2.736319811355784726e+00 7.487446110018157519e+00
1.020000000000000073e-01 2.771556262146003480e+00 7.681524114240726675e+00
1.030000000000000082e-01 2.847816527811194209e+00 8.110058976074606463e+00
1.040000000000000091e-01 2.781510153433889077e+00 7.736798733655818161e+00
1.049999999999999961e-01 2.871127029533967701e+00 8.243370419720545073e+00
1.059999999999999970e-01 2.909544484210663473e+00 8.465449105600695745e+00
1.069999999999999979e-01 2.820639226387668064e+00 7.956005645436821538e+00
1.079999999999999988e-01 2.884759227058451003e+00 8.321835798098872417e+00
1.089999999999999997e-01 2.914417197324888686e+00 8.493827600063060146e+00
1.100000000000000006e-01 2.935752777190589136e+00 8.618644368782256038e+00
1.110000000000000014e-01 2.957261965818536620e+00 8.745398334476915281e+00
1.120000000000000023e-01 2.818077566000303236e+00 7.941561167994194648e+00
1.130000000000000032e-01 2.838593697281400985e+00 8.057614178245694703e+00
1.140000000000000041e-01 2.847792476065193590e+00 8.109921986733526822e+00
1.150000000000000050e-01 2.866576212658887179e+00 8.217259182981770493e+00
1.160000000000000059e-01 2.842004153446947790e+00 8.076987608209702074e+00
1.170000000000000068e-01 2.830806517500246144e+00 8.013465539521872572e+00
1.180000000000000077e-01 2.859481986808973364e+00 8.176637232884994333e+00
1.190000000000000085e-01 2.835552136005737633e+00 8.040355916006701520e+00
1.199999999999999956e-01 2.820419591989868024e+00 7.954766674880293209e+00
1.209999999999999964e-01 2.832006653915880801e+00 8.020261687823824204e+00
1.219999999999999973e-01 2.850624098937899475e+00 8.126057753445511622e+00
1.229999999999999982e-01 2.896443814616965096e+00 8.389386771232874906e+00
1.239999999999999991e-01 2.793918434612955526e+00 7.805980219270108655e+00
1.250000000000000000e-01 2.762754814779257551e+00 7.632814166585969673e+00
1.260000000000000009e-01 2.733156656652112382e+00 7.470145309801753619e+00
1.270000000000000018e-01 2.633263046476077118e+00 6.934074271936470524e+00
1.280000000000000027e-01 2.668848309422113818e+00 7.122751298705274792e+00
1.290000000000000036e-01 2.632757965526742350e+00 6.931414505044511287e+00
1.300000000000000044e-01 2.600436840976270148e+00 6.762271763906643862e+00
1.310000000000000053e-01 2.571837450182256735e+00 6.614347870159971166e+00
1.320000000000000062e-01 2.510581601019668430e+00 6.303019975378481909e+00
1.330000000000000071e-01 2.540467773607904878e+00 6.453976508740304929e+00
1.340000000000000080e-01 2.600019432985943624e+00 6.760101051904547909e+00
1.350000000000000089e-01 2.588730999027237800e+00 6.701528185324561626e+00
1.360000000000000098e-01 2.560376710645372533e+00 6.555528900415218629e+00
1.370000000000000107e-01 2.553018491040234927e+00 6.517903415593358396e+00
1.380000000000000115e-01 2.486812457012314237e+00 6.184236196351623249e+00
1.390000000000000124e-01 2.514863265534962533e+00 6.324537244337175679e+00
1.400000000000000133e-01 2.509969243548434648e+00 6.299945603559101492e+00
1.410000000000000142e-01 2.480205532824899528e+00 6.151419485055243719e+00
1.420000000000000151e-01 2.483679190633358402e+00 6.168662321985173946e+00
1.430000000000000160e-01 2.464999984545859668e+00 6.076224923811088807e+00
1.440000000000000169e-01 2.381874205475439155e+00 5.673324730709254915e+00
1.449999999999999900e-01 2.306083430640444742e+00 5.318020789074403787e+00
1.459999999999999909e-01 2.276545976685294459e+00 5.182661583962000940e+00
1.469999999999999918e-01 2.171251538923833380e+00 4.714333245279115125e+00
1.479999999999999927e-01 2.118430776184752951e+00 4.487748953486734749e+00
1.489999999999999936e-01 2.110138408028132240e+00 4.452684101035499609e+00
1.499999999999999944e-01 2.047944738188185454e+00 4.194077650672675794e+00
1.509999999999999953e-01 2.052585775181058558e+00 4.213108364475626644e+00
1.519999999999999962e-01 2.038088578415440555e+00 4.153805053467470643e+00
1.529999999999999971e-01 1.978146391825515771e+00 3.913063147492306992e+00
1.539999999999999980e-01 1.896370170007341871e+00 3.596219821693674490e+00
1.549999999999999989e-01 1.872210259721122982e+00 3.505171256605034369e+00
1.559999999999999998e-01 1.861193810470424204e+00 3.464042400133417132e+00
1.570000000000000007e-01 1.801341479399034107e+00 3.244831125403500494e+00
1.580000000000000016e-01 1.912924961605592333e+00 3.659281908733756694e+00
1.590000000000000024e-01 1.946269275431934398e+00 3.787964092490347046e+00
1.600000000000000033e-01 1.950938941470485188e+00 3.806162753345977645e+00
1.610000000000000042e-01 2.022796141066424358e+00 4.091704228313218117e+00
1.620000000000000051e-01 1.994739389608288560e+00 3.978985232454848031e+00
1.630000000000000060e-01 2.048689648585220624e+00 4.197129276220235461e+00
1.640000000000000069e-01 2.138107502052805309e+00 4.571503690334487224e+00
1.650000000000000078e-01 2.160786606695652701e+00 4.668998759675313970e+00
1.660000000000000087e-01 2.255153200027180560e+00 5.085715955592832849e+00
1.670000000000000095e-01 2.291535238914119255e+00 5.251133751185189880e+00
1.680000000000000104e-01 2.349011181686085692e+00 5.517853531686260027e+00
1.690000000000000113e-01 2.325128340814493377e+00 5.406221801258759285e+00
1.700000000000000122e-01 2.309729646768620359e+00 5.334851041161896568e+00
1.710000000000000131e-01 2.245133949298634857e+00 5.040626450293285821e+00
1.720000000000000140e-01 2.269778395196242471e+00 5.151893963299630563e+00
1.730000000000000149e-01 2.327318672164095492e+00 5.416412201803648685e+00
1.740000000000000158e-01 2.312092589880930582e+00 5.345772144182308949e+00
1.750000000000000167e-01 2.488219198555457368e+00 6.191234780059962084e+00
1.759999999999999898e-01 2.405636270298987078e+00 5.787085864978021021e+00
1.769999999999999907e-01 2.685232553556939905e+00 7.210473866681923027e+00
1.779999999999999916e-01 2.709394495667845959e+00 7.340818533155220926e+00
1.789999999999999925e-01 2.856442452602853344e+00 8.159263485031804208e+00
1.799999999999999933e-01 2.964753992743838218e+00 8.789766237490530543e+00
1.809999999999999942e-01 2.979175229138824488e+00 8.875485045914368598e+00
1.819999999999999951e-01 3.075838458581763302e+00 9.460782223290637560e+00
1.829999999999999960e-01 3.106831288978409322e+00 9.652400658175244175e+00
1.839999999999999969e-01 3.223994564246261074e+00 1.039414095028944018e+01
1.849999999999999978e-01 3.348851401893876645e+00 1.121480571196658182e+01
1.859999999999999987e-01 3.365864025990363828e+00 1.132904064145606071e+01
1.869999999999999996e-01 3.415439340293704884e+00 1.166522588722589937e+01
1.880000000000000004e-01 3.537325704860863063e+00 1.251267314226940108e+01
1.890000000000000013e-01 3.553655475141763276e+00 1.262846723600503118e+01
1.900000000000000022e-01 3.700899048031432770e+00 1.369665376371996501e+01
1.910000000000000031e-01 3.651130801255214386e+00 1.333075612787454389e+01
1.920000000000000040e-01 3.660168764986974299e+00 1.339683538818627362e+01
1.930000000000000049e-01 3.655597371859066858e+00 1.336339214514291562e+01
1.940000000000000058e-01 3.678092281107709915e+00 1.352836282834411641e+01
1.950000000000000067e-01 3.774321459370297838e+00 1.424550247866313413e+01
1.960000000000000075e-01 3.749590105577102594e+00 1.405942595984170573e+01
1.970000000000000084e-01 3.723145402611979016e+00 1.386181168899071459e+01
1.980000000000000093e-01 3.769375186938523026e+00 1.420818929990782387e+01
1.990000000000000102e-01 3.710269625462093934e+00 1.376610069362662792e+01
2.000000000000000111e-01 3.819955392292266438e+00 1.459205919910276172e+01
2.010000000000000120e-01 3.729854339154348164e+00 1.391181339130851846e+01
2.020000000000000129e-01 3.674761751056351056e+00 1.350387392702674028e+01
2.030000000000000138e-01 3.713634042775429744e+00 1.379107780366058300e+01
2.040000000000000147e-01 3.703249016434283725e+00 1.371405327772148830e+01
2.050000000000000155e-01 3.806169631260699848e+00 1.448692726193121239e+01
2.060000000000000164e-01 3.835794014686333409e+00 1.471331572310350033e+01
2.070000000000000173e-01 3.811738636869174801e+00 1.452935143580127431e+01
2.080000000000000182e-01 3.747750107355579452e+00 1.404563086718375864e+01
2.089999999999999913e-01 3.654230170233559782e+00 1.335339813704518974e+01
2.099999999999999922e-01 3.615610602777280302e+00 1.307264003091548688e+01
2.109999999999999931e-01 3.604275920757564311e+00 1.299080491295278783e+01
2.119999999999999940e-01 3.621317572174878485e+00 1.311394095854255681e+01
2.129999999999999949e-01 3.632825448196701945e+00 1.319742073706556873e+01
2.139999999999999958e-01 3.613540517267467056e+00 1.305767506993363192e+01
2.149999999999999967e-01 3.553787207776215595e+00 1.262940351815386997e+01
2.159999999999999976e-01 3.608289935613459232e+00 1.301975625944938031e+01
2.169999999999999984e-01 3.586653084803506530e+00 1.286408035073050904e+01
2.179999999999999993e-01 3.568608261224171851e+00 1.273496492207740793e+01
2.190000000000000002e-01 3.616608260727713908e+00 1.307985531156394110e+01
2.200000000000000011e-01 3.538389265585636156e+00 1.252019859481165831e+01
2.210000000000000020e-01 3.550526740519927227e+00 1.260624013514705943e+01
2.220000000000000029e-01 3.544593955846020439e+00 1.256414631182013864e+01
2.230000000000000038e-01 3.586256728343863553e+00 1.286123732159163069e+01
2.240000000000000047e-01 3.476253245445043660e+00 1.208433662646720030e+01
2.250000000000000056e-01 3.394132520358623228e+00 1.152013556575597875e+01
2.260000000000000064e-01 3.413394431520348160e+00 1.165126154513412082e+01
2.270000000000000073e-01 3.340896566918938326e+00 1.116158987085074905e+01
2.280000000000000082e-01 3.298322946019864865e+00 1.087893425624115906e+01
2.290000000000000091e-01 3.298177867849869660e+00 1.087797724797471233e+01
2.300000000000000100e-01 3.264120919188600922e+00 1.065448537508463822e+01
2.310000000000000109e-01 3.300517290178837992e+00 1.089341438276945873e+01
2.320000000000000118e-01 3.200019590679128001e+00 1.024012538073021261e+01
2.330000000000000127e-01 3.174252400787918482e+00 1.007587830390786543e+01
2.340000000000000135e-01 3.111798529361076593e+00 9.683290087333759288e+00
2.350000000000000144e-01 3.039510071586168038e+00 9.238621475273751216e+00
2.360000000000000153e-01 2.990154544014183013e+00 8.941024197088667691e+00
2.370000000000000162e-01 2.942465671984773046e+00 8.658104230808801205e+00
2.380000000000000171e-01 2.896394237438060681e+00 8.389099578664405144e+00
2.390000000000000180e-01 2.904808038339746989e+00 8.437909739603208337e+00
2.399999999999999911e-01 2.861214032693404796e+00 8.186545740881657096e+00
2.409999999999999920e-01 2.870989292756099598e+00 8.242579519120170062e+00
2.419999999999999929e-01 2.949994527941310452e+00 8.702467714883676209e+00
2.429999999999999938e-01 2.928116496044103734e+00 8.573866214405599706e+00
2.439999999999999947e-01 2.929863015489365452e+00 8.584097289532438779e+00
2.449999999999999956e-01 2.839383628328728371e+00 8.062099388821215129e+00
2.459999999999999964e-01 2.959002731716228851e+00 8.755697166304104329e+00
2.469999999999999973e-01 2.876749401769195025e+00 8.275687120579421574e+00
2.479999999999999982e-01 2.843661339561626811e+00 8.086409814117425654e+00
2.489999999999999991e-01 2.876977755350881960e+00 8.277001004783800298e+00
2.500000000000000000e-01 2.777026605707209495e+00 7.711876768805706384e+00
2.510000000000000009e-01 2.835721829721144172e+00 8.041318295557033480e+00
2.520000000000000018e-01 2.795131013359138716e+00 7.812757381842085458e+00
2.530000000000000027e-01 2.821841399276891593e+00 7.962788882672964696e+00
2.540000000000000036e-01 2.827204519346629308e+00 7.993085394214006101e+00
2.550000000000000044e-01 2.811508228221689443e+00 7.904578517358264556e+00
2.560000000000000053e-01 2.855175627030326346e+00 8.152027861188017255e+00
2.570000000000000062e-01 2.891761528273332438e+00 8.362284736401718988e+00
2.580000000000000071e-01 2.859892263460746431e+00 8.178983758602631937e+00
2.590000000000000080e-01 2.693362785422724226e+00 7.254203093900055244e+00
2.600000000000000089e-01 2.703768960423033718e+00 7.310366591347051468e+00
2.610000000000000098e-01 2.617739196065240304e+00 6.852558498616289739e+00
2.620000000000000107e-01 2.550494467038388002e+00 6.505022026393429968e+00
2.630000000000000115e-01 2.499951519207291639e+00 6.249757598386846524e+00
2.640000000000000124e-01 2.509648891960873041e+00 6.298337560920438172e+00
2.650000000000000133e-01 2.481500313321929774e+00 6.157843805016835148e+00
2.660000000000000142e-01 2.446920015221832667e+00 5.987417560893214308e+00
2.670000000000000151e-01 2.544104981422436573e+00 6.472470156498457250e+00
2.680000000000000160e-01 2.622338755379755693e+00 6.876660547966646497e+00
2.690000000000000169e-01 2.606874625315254157e+00 6.795795312112546505e+00
2.700000000000000178e-01 2.749135381637683118e+00 7.557745346572168899e+00
2.710000000000000187e-01 2.698916164805840179e+00 7.284148464650264998e+00
2.720000000000000195e-01 2.799039753516661566e+00 7.834623541766613464e+00
2.730000000000000204e-01 2.792760004182906819e+00 7.799508440963708544e+00
2.740000000000000213e-01 2.751012815431190806e+00 7.568071510666648294e+00
2.750000000000000222e-01 2.815424563112772116e+00 7.926615470578743050e+00
2.760000000000000231e-01 2.759715493258366514e+00 7.616029603730268605e+00
2.770000000000000240e-01 2.896531739983239540e+00 8.389896120730332640e+00
2.780000000000000249e-01 2.842828987550251263e+00 8.081676652455985987e+00
2.790000000000000258e-01 2.838486510828230003e+00 8.057005672153819020e+00
2.800000000000000266e-01 2.836647713606183174e+00 8.046570251107187488e+00
2.810000000000000275e-01 2.789676536296932241e+00 7.782295177165649669e+00
2.820000000000000284e-01 2.866896204154886885e+00 8.219093845397699383e+00
2.830000000000000293e-01 2.837815321742706676e+00 8.053195800317661579e+00
2.840000000000000302e-01 2.865207287345803877e+00 8.209412799459499865e+00
2.850000000000000311e-01 2.838839705639900846e+00 8.059010874317639406e+00
2.860000000000000320e-01 2.910600102206535755e+00 8.471592954964696887e+00
2.870000000000000329e-01 2.896606022328613861e+00 8.390326448590393227e+00
2.880000000000000338e-01 2.972386722267895021e+00 8.835082826714481641e+00
2.889999999999999791e-01 2.973127005833529068e+00 8.839484192816644992e+00
2.899999999999999800e-01 2.964970758261641137e+00 8.791051597346610791e+00
2.909999999999999809e-01 2.942641946002190423e+00 8.659141622371556934e+00
2.919999999999999818e-01 2.889149445887239764e+00 8.347184520670545282e+00
2.929999999999999827e-01 2.940888626156721308e+00 8.648825911457967308e+00
2.939999999999999836e-01 2.943926451279994083e+00 8.666702950546019579e+00
2.949999999999999845e-01 3.037728010040050552e+00 9.227791462981885573e+00
2.959999999999999853e-01 3.068926553135333801e+00 9.418310188539122052e+00
2.969999999999999862e-01 3.062984795510115710e+00 9.381875857526145168e+00
2.979999999999999871e-01 3.093662676983752746e+00 9.570748758962277947e+00
2.989999999999999880e-01 3.114843499993627418e+00 9.702250029452551772e+00
2.999999999999999889e-01 3.228311022985808521e+00 1.042199206113167698e+01
3.009999999999999898e-01 3.197534735085029389e+00 1.022422838207528883e+01
3.019999999999999907e-01 3.268116791327213111e+00 1.068058736175487944e+01
3.029999999999999916e-01 3.183638998771377793e+00 1.013555727449802113e+01
3.039999999999999925e-01 3.184682761845615939e+00 1.014220429359662035e+01
3.049999999999999933e-01 3.234683115080611238e+00 1.046317485498760647e+01
3.059999999999999942e-01 3.213774537485003080e+00 1.032834677778694576e+01
3.069999999999999951e-01 3.292059320840602155e+00 1.083765457193348603e+01
3.079999999999999960e-01 3.222495636977087408e+00 1.038447813033636358e+01
3.089999999999999969e-01 3.294226354616381691e+00 1.085192727544913360e+01
3.099999999999999978e-01 3.146191270315723543e+00 9.898519509410865780e+00
3.109999999999999987e-01 3.174496498326419669e+00 1.007742801788670128e+01
3.119999999999999996e-01 3.112108354216089445e+00 9.685218408381576438e+00
3.130000000000000004e-01 3.102506328108328493e+00 9.625545515952223852e+00
3.140000000000000013e-01 3.117992336791677754e+00 9.721876212291627795e+00
3.150000000000000022e-01 3.039579119246305083e+00 9.239041222158142830e+00
3.160000000000000031e-01 3.050345166676093900e+00 9.304605635864207969e+00
3.170000000000000040e-01 2.955301041879856427e+00 8.733804248136165072e+00
3.180000000000000049e-01 2.978533501150083307e+00 8.871661817473372125e+00
3.190000000000000058e-01 2.883552603029146510e+00 8.314875614436166629e+00
3.200000000000000067e-01 2.927514068354207577e+00 8.570338620411803277e+00
3.210000000000000075e-01 2.834037904091259996e+00 8.031770841825982998e+00
3.220000000000000084e-01 2.821527029931790498e+00 7.961014780635710331e+00
3.230000000000000093e-01 2.902804305298755327e+00 8.426272834860990102e+00
3.240000000000000102e-01 2.907395693601743325e+00 8.452949719173961540e+00
3.250000000000000111e-01 3.016571262344994508e+00 9.099702180805673279e+00
3.260000000000000120e-01 3.036788341590156204e+00 9.222083431617891236e+00
3.270000000000000129e-01 3.071525622151361823e+00 9.434269647532309122e+00
3.280000000000000138e-01 3.105482162526761236e+00 9.644019461771890178e+00
3.290000000000000147e-01 3.114437927626467317e+00 9.699723605038245822e+00
3.300000000000000155e-01 3.187310894365726455e+00 1.015895073734244747e+01
3.310000000000000164e-01 3.166940459267484353e+00 1.002951187254534382e+01
3.320000000000000173e-01 3.196166757524384838e+00 1.021548194190393843e+01
3.330000000000000182e-01 3.170507688286199333e+00 1.005211900148189841e+01
3.340000000000000191e-01 3.167896503898120386e+00 1.003556825940993313e+01
3.350000000000000200e-01 3.189018871767078434e+00 1.016984136448657061e+01
3.360000000000000209e-01 3.256088833697491580e+00 1.060211449292949126e+01
3.370000000000000218e-01 3.329507551768544182e+00 1.108562053728376462e+01
3.380000000000000226e-01 3.306085162582885317e+00 1.093019910225070213e+01
3.390000000000000235e-01 3.304844462640452729e+00 1.092199692224526153e+01
3.400000000000000244e-01 3.196143183387416098e+00 1.021533124871384501e+01
3.410000000000000253e-01 3.200055832192325589e+00 1.024035732914811803e+01
3.420000000000000262e-01 3.241700080928538785e+00 1.050861941469209526e+01
3.430000000000000271e-01 3.152456989856259995e+00 9.937985072893591010e+00
3.440000000000000280e-01 3.129791947505633942e+00 9.795597634671109333e+00
3.450000000000000289e-01 3.146507725199032990e+00 9.900510864737192662e+00
3.460000000000000298e-01 3.185299945431240953e+00 1.014613574236426707e+01
3.470000000000000306e-01 3.083879585808384949e+00 9.510313299765696726e+00
3.480000000000000315e-01 3.057615469229771676e+00 9.349012357673197826e+00
3.490000000000000324e-01 3.083282462902793508e+00 9.506630746043915892e+00
3.500000000000000333e-01 3.109808926879137125e+00 9.670911561697170811e+00
3.510000000000000342e-01 3.245587899792512054e+00 1.053384081527956795e+01
3.519999999999999796e-01 3.227515224243041825e+00 1.041685452272061241e+01
3.529999999999999805e-01 3.234372193062930556e+00 1.046116348325871215e+01
3.539999999999999813e-01 3.278669423114114245e+00 1.074967318606343980e+01
3.549999999999999822e-01 3.260995613935742998e+00 1.063409239410815310e+01
3.559999999999999831e-01 3.229268952314296115e+00 1.042817796638107097e+01
3.569999999999999840e-01 3.299704464091179901e+00 1.088804955034325950e+01
3.579999999999999849e-01 3.228886175113046875e+00 1.042570593183616090e+01
3.589999999999999858e-01 3.236118139135254701e+00 1.047246061044022269e+01
3.599999999999999867e-01 3.228306995442832950e+00 1.042196605682513066e+01
3.609999999999999876e-01 3.174520828460084765e+00 1.007758249032690401e+01
3.619999999999999885e-01 3.203263462862428135e+00 1.026089681250939378e+01
3.629999999999999893e-01 3.098383009734043458e+00 9.599977275008590993e+00
3.639999999999999902e-01 3.146348801591493327e+00 9.899510781276225302e+00
3.649999999999999911e-01 3.055535691052404523e+00 9.336298359295094329e+00
3.659999999999999920e-01 3.072823786717064021e+00 9.442246024214197675e+00
3.669999999999999929e-01 3.054434504882313384e+00 9.329570144615662031e+00
3.679999999999999938e-01 3.025556989309380551e+00 9.153995095558842721e+00
3.689999999999999947e-01 2.944788160766196317e+00 8.671777311788757103e+00
3.699999999999999956e-01 2.849970846760275567e+00 8.122333827383481974e+00
3.709999999999999964e-01 2.747683287891596660e+00 7.549763450558774736e+00
3.719999999999999973e-01 2.679686626515666248e+00 7.180720416326910716e+00
3.729999999999999982e-01 2.589956912408468703e+00 6.707876808132408719e+00
3.739999999999999991e-01 2.585083411834525613e+00 6.682656246142030909e+00
3.750000000000000000e-01 2.613749447255982350e+00 6.831686173030952602e+00
3.760000000000000009e-01 2.641297517300218001e+00 6.976452574896295999e+00
3.770000000000000018e-01 2.633331495052649185e+00 6.934434762836221289e+00
3.780000000000000027e-01 2.552266619790023228e+00 6.514064898494392075e+00
3.790000000000000036e-01 2.557350808724860425e+00 6.540043158885697316e+00
3.800000000000000044e-01 2.516295992995159381e+00 6.331745524363495470e+00
3.810000000000000053e-01 2.496986437646244728e+00 6.234941269789282536e+00
3.820000000000000062e-01 2.487026814312186307e+00 6.185302375107823103e+00
3.830000000000000071e-01 2.451342140623390176e+00 6.009078290396064226e+00
3.840000000000000080e-01 2.425392049396903893e+00 5.882526593277713545e+00
3.850000000000000089e-01 2.436337403717813377e+00 5.935739944754454989e+00
3.860000000000000098e-01 2.445626602828094409e+00 5.981089480460485497e+00
3.870000000000000107e-01 2.447852509735982451e+00 5.991981909420747598e+00
3.880000000000000115e-01 2.448658246978023367e+00 5.995927210493487536e+00
3.890000000000000124e-01 2.450044934286087273e+00 6.002720180020918228e+00
3.900000000000000133e-01 2.417401667341827487e+00 5.843830821267047781e+00
3.910000000000000142e-01 2.403606765811331147e+00 5.777325484654007859e+00
3.920000000000000151e-01 2.372599574414645307e+00 5.629228740512556506e+00
3.930000000000000160e-01 2.367050043839784568e+00 5.602925910041926194e+00
3.940000000000000169e-01 2.385384062467397204e+00 5.690057125473463095e+00
3.950000000000000178e-01 2.413237619986285498e+00 5.823715810517072100e+00
3.960000000000000187e-01 2.391810708342942071e+00 5.720758464543965971e+00
3.970000000000000195e-01 2.378397594506064472e+00 5.656775117552233390e+00
3.980000000000000204e-01 2.373029237412335846e+00 5.631267761613773182e+00
3.990000000000000213e-01 2.266140318303532908e+00 5.135391942240837615e+00
4.000000000000000222e-01 2.239502827494345372e+00 5.015372914355166856e+00
4.010000000000000231e-01 2.148941955645730761e+00 4.617951528734497657e+00
4.020000000000000240e-01 2.040522459072876327e+00 4.163731905980818659e+00
4.030000000000000249e-01 1.960321979487527289e+00 3.842862263261897393e+00
4.040000000000000258e-01 1.867539991747061201e+00 3.487705620774613546e+00
4.050000000000000266e-01 1.782253354421238889e+00 3.176427019345757774e+00
4.060000000000000275e-01 1.707493850810935410e+00 2.915535250557157010e+00
4.070000000000000284e-01 1.647564060114169227e+00 2.714467332179885783e+00
4.080000000000000293e-01 1.502075907441775993e+00 2.256232031717035014e+00
4.090000000000000302e-01 1.464892339662888343e+00 2.145909566803011259e+00
4.100000000000000311e-01 1.388723709528687289e+00 1.928553541407117544e+00
4.110000000000000320e-01 1.292743678117086015e+00 1.671186217311691813e+00
4.120000000000000329e-01 1.283999575423315775e+00 1.648654909687254921e+00
4.130000000000000338e-01 1.262268883285342813e+00 1.593322733710426320e+00
4.140000000000000346e-01 1.185609128193369832e+00 1.405669004855442550e+00
4.150000000000000355e-01 1.203719970598711386e+00 1.448941767618162402e+00
4.160000000000000364e-01 1.132476151974218359e+00 1.282502234790332984e+00
4.169999999999999818e-01 1.179564560491995540e+00 1.391372552368674631e+00
4.179999999999999827e-01 1.163131048037072679e+00 1.352873834907819095e+00
4.189999999999999836e-01 1.222630021310271653e+00 1.494824169009155490e+00
4.199999999999999845e-01 1.281533373349931892e+00 1.642327787009655760e+00
4.209999999999999853e-01 1.310134624907708822e+00 1.716452735382063111e+00
4.219999999999999862e-01 1.370997701131604796e+00 1.879634696508144964e+00
4.229999999999999871e-01 1.410673199382809440e+00 1.989998875456931549e+00
4.239999999999999880e-01 1.481548503738296496e+00 2.194985968929184850e+00
4.249999999999999889e-01 1.472331376949241433e+00 2.167759683549248972e+00
4.259999999999999898e-01 1.488662584181768667e+00 2.216116289542741757e+00
4.269999999999999907e-01 1.514475918712586688e+00 2.293637308360333193e+00
4.279999999999999916e-01 1.561302947088120119e+00 2.437666892586049183e+00
4.289999999999999925e-01 1.598307693447726718e+00 2.554587482934192355e+00
4.299999999999999933e-01 1.484069247684248527e+00 2.202461531922091709e+00
4.309999999999999942e-01 1.488713076881397424e+00 2.216266625277677260e+00
4.319999999999999951e-01 1.528604314689642862e+00 2.336631150887792607e+00
4.329999999999999960e-01 1.405138945606874801e+00 1.974415456461199980e+00
4.339999999999999969e-01 1.423003079796876458e+00 2.024937765111395560e+00
4.349999999999999978e-01 1.439144494139764641e+00 2.071136875012799194e+00
4.359999999999999987e-01 1.434946711645555206e+00 2.059072065262392393e+00
4.369999999999999996e-01 1.480456733196428676e+00 2.191752138866641442e+00
4.380000000000000004e-01 1.436952294491147475e+00 2.064831896643373632e+00
4.390000000000000013e-01 1.482327833563150454e+00 2.197295806156022824e+00
4.400000000000000022e-01 1.453588923518690512e+00 2.112920758576225300e+00
4.410000000000000031e-01 1.465795138750201732e+00 2.148555388783722986e+00
4.420000000000000040e-01 1.505904726511041458e+00 2.267749045328294688e+00
4.430000000000000049e-01 1.523408609055190821e+00 2.320773790143471071e+00
4.440000000000000058e-01 1.612776530844545420e+00 2.601048138442966895e+00
4.450000000000000067e-01 1.666835195190224050e+00 2.778339567924831943e+00
4.460000000000000075e-01 1.622200930738007862e+00 2.631535859687258672e+00
4.470000000000000084e-01 1.721556866381524831e+00 2.963758044185375251e+00
4.480000000000000093e-01 1.666969457198258064e+00 2.778787171231854813e+00
4.490000000000000102e-01 1.720744962561528757e+00 2.960963226180876706e+00
4.500000000000000111e-01 1.735766031603442672e+00 3.012883716468363726e+00
4.510000000000000120e-01 1.764100637032008700e+00 3.112051057576738611e+00
4.520000000000000129e-01 1.817744142623995085e+00 3.304193768043843349e+00
4.530000000000000138e-01 1.794313096451597866e+00 3.219559488097721189e+00
4.540000000000000147e-01 1.846054695972657145e+00 3.407917940522699585e+00
4.550000000000000155e-01 1.850082796811296060e+00 3.422806355057107286e+00
4.560000000000000164e-01 1.816305326829425582e+00 3.298965040268946325e+00
4.570000000000000173e-01 1.884054644019503399e+00 3.549661901651457452e+00
4.580000000000000182e-01 1.823066659128497857e+00 3.323572043625942385e+00
4.590000000000000191e-01 1.905761909061989501e+00 3.631928454031598807e+00
4.600000000000000200e-01 1.881256890654005032e+00 3.539127488633175389e+00
4.610000000000000209e-01 1.925979230574824674e+00 3.709395996605593826e+00
4.620000000000000218e-01 1.968501442425539372e+00 3.874997928831428684e+00
4.630000000000000226e-01 2.085702733493942862e+00 4.350155892504106170e+00
4.640000000000000235e-01 2.203717555921846483e+00 4.856371066278156512e+00
4.650000000000000244e-01 2.261573483787979288e+00 5.114714622572896552e+00
4.660000000000000253e-01 2.348289464371841717e+00 5.514463408479790552e+00
4.670000000000000262e-01 2.356296933272226557e+00 5.552135237748099250e+00
4.680000000000000271e-01 2.347155345403658444e+00 5.509138215456967913e+00
4.690000000000000280e-01 2.380534133951895726e+00 5.666942762910102793e+00
4.700000000000000289e-01 2.431023585524167085e+00 5.909875673374776817e+00
4.710000000000000298e-01 2.398828047605535918e+00 5.754376001978986466e+00
4.720000000000000306e-01 2.366363594385795022e+00 5.599676660834458808e+00
4.730000000000000315e-01 2.363611736596451074e+00 5.586660441376491093e+00
4.740000000000000324e-01 2.268865221644838392e+00 5.147749393989482058e+00
4.750000000000000333e-01 2.177755444656645167e+00 4.742618776731663210e+00
4.760000000000000342e-01 2.030062251204610035e+00 4.121152743765929216e+00
4.770000000000000351e-01 1.856530891588947130e+00 3.446706951424050924e+00
4.780000000000000360e-01 1.821331572382588027e+00 3.317248696557630439e+00
4.790000000000000369e-01 1.798498092326713982e+00 3.234595388102829094e+00
4.799999999999999822e-01 1.746285309822174003e+00 3.049512383300726270e+00
4.809999999999999831e-01 1.684011640403016541e+00 2.835895205012858522e+00
4.819999999999999840e-01 1.737784055789046045e+00 3.019893424554626282e+00
4.829999999999999849e-01 1.729224346876452101e+00 2.990216841830292349e+00
4.839999999999999858e-01 1.695557167665094234e+00 2.874914108820476155e+00
4.849999999999999867e-01 1.736508906315286094e+00 3.015463181712311425e+00
4.859999999999999876e-01 1.693276622791409780e+00 2.867185721291882317e+00
4.869999999999999885e-01 1.671224212849873769e+00 2.792990369615679924e+00
4.879999999999999893e-01 1.669099819969294130e+00 2.785894209021530177e+00
4.889999999999999902e-01 1.708663759692000461e+00 2.919531843684802563e+00
4.899999999999999911e-01 1.705685250710428091e+00 2.909362174491095576e+00
4.909999999999999920e-01 1.720825559708887287e+00 2.961240606947404874e+00
4.919999999999999929e-01 1.699839320892369665e+00 2.889453716851832166e+00
4.929999999999999938e-01 1.670722561151009034e+00 2.791313876338987310e+00
4.939999999999999947e-01 1.641289001582203255e+00 2.693829586714705737e+00
4.949999999999999956e-01 1.609926627765096097e+00 2.591863746787094414e+00
4.959999999999999964e-01 1.620205310567818691e+00 2.625065248392162154e+00
4.969999999999999973e-01 1.602994065642489252e+00 2.569589974485037231e+00
4.979999999999999982e-01 1.604506303021507208e+00 2.574440476435744696e+00
4.989999999999999991e-01 1.632884086157596393e+00 2.666310438826728468e+00
5.000000000000000000e-01 1.660768194268005926e+00 2.758150995092213176e+00
