# time(ps)   RMSD(Ang)   MSD(Ang^2)
0.000000000000000000e+00 0.000000000000000000e+00 0.000000000000000000e+00
1.000000000000000021e-03 2.440380328505097618e-01 5.955456147754648738e-02
2.000000000000000042e-03 3.456803274348350663e-01 1.194948887754547773e-01
3.000000000000000062e-03 4.164713525268082250e-01 1.734483874755089750e-01
4.000000000000000083e-03 5.320324356956624978e-01 2.830585126322592293e-01
5.000000000000000104e-03 6.358378608619869032e-01 4.042897853055473778e-01
6.000000000000000125e-03 7.324110469831506265e-01 5.364259417429548815e-01
7.000000000000000146e-03 8.067538011158784661e-01 6.508516956149184018e-01
8.000000000000000167e-03 8.865718399108430958e-01 7.860096273228975861e-01
9.000000000000001055e-03 9.749468844606140605e-01 9.505214275194580065e-01
1.000000000000000021e-02 1.044255343143579262e+00 1.090469221683914469e+00
1.099999999999999936e-02 1.094701242967968335e+00 1.198370811355615073e+00
1.200000000000000025e-02 1.147075458056346253e+00 1.315782106475176461e+00
1.300000000000000114e-02 1.197498579245268591e+00 1.434002847294436833e+00
1.400000000000000029e-02 1.224214447824653496e+00 1.498701014262621145e+00
1.499999999999999944e-02 1.248455121591507178e+00 1.558640190628065136e+00
1.600000000000000033e-02 1.271267835020292392e+00 1.616121908357181614e+00
1.700000000000000122e-02 1.296266711850941000e+00 1.680307388252850309e+00
1.800000000000000211e-02 1.313625813787375307e+00 1.725612778648544010e+00
1.899999999999999953e-02 1.333361091190274239e+00 1.777851799500118846e+00
2.000000000000000042e-02 1.353598544239607016e+00 1.832229018967583167e+00
2.100000000000000130e-02 1.395155342664693432e+00 1.946458430165838305e+00
2.199999999999999872e-02 1.429489275261588421e+00 2.043439588087901271e+00
2.299999999999999961e-02 1.452229261199710741e+00 2.108969827084657744e+00
2.400000000000000050e-02 1.487721444406346016e+00 2.213315096146504235e+00
2.500000000000000139e-02 1.522171615820374191e+00 2.317006428009209085e+00
2.600000000000000228e-02 1.546962511953019259e+00 2.393093013387995516e+00
2.699999999999999969e-02 1.557480782796011543e+00 2.425746388778876828e+00
2.800000000000000058e-02 1.572466058878941642e+00 2.472649506326271229e+00
2.900000000000000147e-02 1.590337404925352249e+00 2.529173061504703668e+00
2.999999999999999889e-02 1.601468404618338504e+00 2.564701050990806142e+00
3.099999999999999978e-02 1.603039991004895581e+00 2.569737212760975442e+00
3.200000000000000067e-02 1.612993418346061025e+00 2.601747767627710761e+00
3.300000000000000155e-02 1.628301350340021436e+00 2.651365287519137581e+00
3.400000000000000244e-02 1.640207479672125990e+00 2.690280576372387600e+00
3.500000000000000333e-02 1.662360490899299936e+00 2.763442401702961515e+00
3.600000000000000422e-02 1.666562005012021563e+00 2.777428916549689042e+00
3.699999999999999817e-02 1.658835999755394086e+00 2.751736874084477869e+00
3.799999999999999906e-02 1.664343249265841429e+00 2.770038451376778621e+00
3.899999999999999994e-02 1.663675932455280559e+00 2.767817608230946913e+00
4.000000000000000083e-02 1.672070020527600676e+00 2.795818153547171114e+00
4.100000000000000172e-02 1.673857086668806948e+00 2.801797546591385579e+00
4.200000000000000261e-02 1.681721195654573231e+00 2.828186179913847020e+00
4.300000000000000350e-02 1.691090361523360119e+00 2.859786610837208976e+00
4.399999999999999745e-02 1.706043776849097027e+00 2.910585368525531624e+00
4.499999999999999833e-02 1.720969817438891658e+00 2.961737112535651750e+00
4.599999999999999922e-02 1.713459457183952095e+00 2.935943311413123702e+00
4.700000000000000011e-02 1.719048175569532821e+00 2.955126629928939153e+00
4.800000000000000100e-02 1.726968771267009650e+00 2.982421136931485250e+00
4.900000000000000189e-02 1.740371028179398483e+00 3.028891315726216504e+00
5.000000000000000278e-02 1.754157864532269073e+00 3.077069813700410439e+00
5.100000000000000366e-02 1.760484593374469720e+00 3.099306003508872198e+00
5.200000000000000455e-02 1.757492774622001708e+00 3.088780852848542313e+00
5.299999999999999850e-02 1.754619027551776123e+00 3.078687931846740167e+00
5.399999999999999939e-02 1.760810267163118281e+00 3.100452796947051670e+00
5.500000000000000028e-02 1.762862280280805605e+00 3.107683419236841882e+00
5.600000000000000117e-02 1.759423812188778635e+00 3.095572150896894748e+00
5.700000000000000205e-02 1.765746829173612920e+00 3.117861864736668487e+00
5.800000000000000294e-02 1.766308390304820675e+00 3.119845329661206978e+00
5.900000000000000383e-02 1.769721334957534697e+00 3.131913603403878810e+00
5.999999999999999778e-02 1.766840505728070942e+00 3.121725372681425359e+00
6.099999999999999867e-02 1.766828367082423856e+00 3.121682478727144439e+00
6.199999999999999956e-02 1.774131172596579376e+00 3.147541417578914036e+00
6.300000000000000044e-02 1.770666125278108405e+00 3.135258527207389623e+00
6.400000000000000133e-02 1.772023288044328071e+00 3.140066533371431934e+00
6.500000000000000222e-02 1.764215674276111701e+00 3.112456945361515626e+00
6.600000000000000311e-02 1.760950031143578176e+00 3.100945012184568750e+00
6.700000000000000400e-02 1.760296465634204388e+00 3.098643646924271966e+00
6.800000000000000488e-02 1.757092054807324555e+00 3.087372489067025771e+00
6.900000000000000577e-02 1.749769452626683153e+00 3.061693137345482540e+00
7.000000000000000666e-02 1.740987624243791831e+00 3.031037907770042228e+00
7.100000000000000755e-02 1.759145234112660328e+00 3.094591954701286785e+00
7.200000000000000844e-02 1.764407508667048763e+00 3.113133856640661890e+00
7.299999999999999545e-02 1.772966507634211819e+00 3.143410237192653778e+00
7.399999999999999634e-02 1.781399070697627707e+00 3.173382649082371554e+00
7.499999999999999722e-02 1.782467143037326229e+00 3.177189116007648195e+00
7.599999999999999811e-02 1.796578578347374666e+00 3.227694588176674095e+00
7.699999999999999900e-02 1.792798252712236806e+00 3.214125574928049289e+00
7.799999999999999989e-02 1.787017208235651688e+00 3.193430502530342441e+00
7.900000000000000078e-02 1.790218278828558551e+00 3.204881485851886591e+00
8.000000000000000167e-02 1.789468380870835151e+00 3.202197086136488569e+00
8.100000000000000255e-02 1.794526249104202886e+00 3.220324458723999417e+00
8.200000000000000344e-02 1.804995400577615428e+00 3.258008396106346627e+00
8.300000000000000433e-02 1.817001499106084550e+00 3.301494447753758887e+00
8.400000000000000522e-02 1.827106938296321648e+00 3.338319763970558629e+00
8.500000000000000611e-02 1.836764864180870704e+00 3.373705166289372670e+00
8.600000000000000699e-02 1.854965444922076490e+00 3.440896801854957054e+00
8.700000000000000788e-02 1.858586226488306181e+00 3.454342761292040986e+00
8.799999999999999489e-02 1.865869810678328911e+00 3.481470150400782781e+00
8.899999999999999578e-02 1.866043905072391818e+00 3.482119855657821450e+00
8.999999999999999667e-02 1.872427450078409938e+00 3.505984555807136527e+00
9.099999999999999756e-02 1.870208060986338294e+00 3.497678191378279067e+00
9.199999999999999845e-02 1.881480257789195809e+00 3.539967960450498552e+00
9.299999999999999933e-02 1.886972073287154661e+00 3.560663605365622875e+00
9.400000000000000022e-02 1.888633286060702243e+00 3.566935689216446104e+00
9.500000000000000111e-02 1.889501539163604305e+00 3.570216066501629371e+00
9.600000000000000200e-02 1.892545272785248089e+00 3.581727609541789370e+00
9.700000000000000289e-02 1.911949648805552515e+00 3.655551459567675465e+00
9.800000000000000377e-02 1.900725049086047225e+00 3.612755712223156834e+00
9.900000000000000466e-02 1.908816724684175625e+00 3.643581288434023957e+00
1.000000000000000056e-01 1.915346186546292850e+00 3.668551014317426251e+00
1.010000000000000064e-01 1.899752312916441532e+00 3.609058850431369425e+00
1.020000000000000073e-01 1.915696869472346409e+00 3.669894495706147897e+00
1.030000000000000082e-01 1.913744100659451108e+00 3.662416482808851015e+00
1.040000000000000091e-01 1.924392611698904298e+00 3.703286923961329968e+00
1.049999999999999961e-01 1.945630037272700230e+00 3.785476241937768549e+00
1.059999999999999970e-01 1.956811342702051926e+00 3.829110630927407222e+00
1.069999999999999979e-01 1.964648914571377025e+00 3.859845357526489718e+00
1.079999999999999988e-01 1.975037199266425292e+00 3.900771938486164991e+00
1.089999999999999997e-01 1.984996730869722281e+00 3.940212021563485045e+00
1.100000000000000006e-01 1.976086817341481172e+00 3.904919109670784483e+00
1.110000000000000014e-01 1.974903891854360438e+00 3.900245382061499289e+00
1.120000000000000023e-01 1.971396735910660114e+00 3.886405090359205339e+00
1.130000000000000032e-01 1.964512233092847948e+00 3.859308313971447912e+00
1.140000000000000041e-01 1.956588354488047132e+00 3.828237988918244294e+00
1.150000000000000050e-01 1.961094657799965946e+00 3.845892256851565438e+00
1.160000000000000059e-01 1.966264634323365401e+00 3.866196612190797577e+00
1.170000000000000068e-01 1.965818765434494741e+00 3.864443418534401431e+00
1.180000000000000077e-01 1.980495256943754612e+00 3.922361462776708940e+00
1.190000000000000085e-01 1.970367788851554280e+00 3.882349223343763089e+00
1.199999999999999956e-01 1.971932621230289451e+00 3.888518262672159942e+00
1.209999999999999964e-01 1.973724495474567631e+00 3.895588384036336116e+00
1.219999999999999973e-01 1.974204823935614916e+00 3.897484686850652302e+00
1.229999999999999982e-01 1.962902474101006600e+00 3.852986122831852711e+00
1.239999999999999991e-01 1.958306627477862882e+00 3.834964847223721218e+00
1.250000000000000000e-01 1.958107637699879833e+00 3.834185520818603532e+00
1.260000000000000009e-01 1.952574674223245488e+00 3.812547858418013469e+00
1.270000000000000018e-01 1.963897294141757843e+00 3.856892581937318543e+00
1.280000000000000027e-01 1.955814264529040170e+00 3.825209437335270302e+00
1.290000000000000036e-01 1.956812794695840685e+00 3.829116313485346090e+00
1.300000000000000044e-01 1.964004311700639382e+00 3.857312936378702428e+00
1.310000000000000053e-01 1.970969651184044213e+00 3.884721365888553102e+00
1.320000000000000062e-01 1.970067559997802142e+00 3.881166190955693818e+00
1.330000000000000071e-01 1.972492234704495750e+00 3.890725615969535589e+00
1.340000000000000080e-01 1.982670080989523465e+00 3.930980650051003167e+00
1.350000000000000089e-01 1.983712675162827566e+00 3.935115977601661541e+00
1.360000000000000098e-01 1.985259103732330166e+00 3.941253708952094925e+00
1.370000000000000107e-01 1.986223687564810048e+00 3.945084537043551887e+00
1.380000000000000115e-01 1.972775903745718873e+00 3.891844766399737754e+00
1.390000000000000124e-01 1.964791525864110211e+00 3.860405740107418548e+00
1.400000000000000133e-01 1.963258464267954251e+00 3.854383797519766119e+00
1.410000000000000142e-01 1.953225630637632104e+00 3.815090364179775761e+00
1.420000000000000151e-01 1.949148385391487270e+00 3.799179428274241932e+00
1.430000000000000160e-01 1.949184573680002641e+00 3.799320502272093503e+00
1.440000000000000169e-01 1.945892467092620093e+00 3.786497493487803290e+00
1.449999999999999900e-01 1.946440079136289247e+00 3.788628981668083817e+00
1.459999999999999909e-01 1.947858494613920133e+00 3.794152715039607049e+00
1.469999999999999918e-01 1.943615505147452627e+00 3.777641231849587111e+00
1.479999999999999927e-01 1.933654763077600203e+00 3.739020742772690475e+00
1.489999999999999936e-01 1.927510563454497783e+00 3.715296972228675276e+00
1.499999999999999944e-01 1.914071341885332567e+00 3.663669101826717345e+00
1.509999999999999953e-01 1.910013532971347905e+00 3.648151696133690169e+00
1.519999999999999962e-01 1.912871999946828216e+00 3.659079288180578704e+00
1.529999999999999971e-01 1.916441647206067689e+00 3.672748587145906018e+00
1.539999999999999980e-01 1.908126032177321241e+00 3.640944954672767686e+00
1.549999999999999989e-01 1.917690346432738835e+00 3.677536264801317678e+00
1.559999999999999998e-01 1.924407247231786577e+00 3.703343253198222662e+00
1.570000000000000007e-01 1.925996841184383079e+00 3.709463832252221316e+00
1.580000000000000016e-01 1.924366178011805983e+00 3.703185187075765494e+00
1.590000000000000024e-01 1.921354014955551692e+00 3.691601250785818689e+00
1.600000000000000033e-01 1.930646346410004766e+00 3.727395314906300161e+00
1.610000000000000042e-01 1.943877282524672401e+00 3.778658889515504882e+00
1.620000000000000051e-01 1.942854177139603511e+00 3.774682353628806109e+00
1.630000000000000060e-01 1.931335695428134658e+00 3.730057568434876902e+00
1.640000000000000069e-01 1.939446346962458545e+00 3.761452132746025079e+00
1.650000000000000078e-01 1.953514468435353812e+00 3.816218778386262667e+00
1.660000000000000087e-01 1.960033171035059585e+00 3.841730031557750724e+00
1.670000000000000095e-01 1.964125409516417342e+00 3.857788624308034375e+00
1.680000000000000104e-01 1.960284830229094943e+00 3.842716615626311505e+00
1.690000000000000113e-01 1.976256369240106503e+00 3.905589236962088151e+00
1.700000000000000122e-01 1.977836103395185452e+00 3.911835651893450727e+00
1.710000000000000131e-01 1.984470247750939498e+00 3.938122164208675002e+00
1.720000000000000140e-01 1.971764419459742568e+00 3.887854925847415988e+00
1.730000000000000149e-01 1.961406743772429406e+00 3.847116414515964422e+00
1.740000000000000158e-01 1.974156534286919618e+00 3.897294021867741431e+00
1.750000000000000167e-01 1.967297410814065950e+00 3.870259102595727807e+00
1.759999999999999898e-01 1.978063463890515461e+00 3.912735067178544579e+00
1.769999999999999907e-01 1.986807701425631345e+00 3.947404842444200757e+00
1.779999999999999916e-01 1.988620594896921334e+00 3.954611870448184963e+00
1.789999999999999925e-01 1.992150528533851439e+00 3.968663728337703311e+00
1.799999999999999933e-01 2.004033741213312236e+00 4.016151235921425311e+00
1.809999999999999942e-01 2.006849668641337736e+00 4.027445592525847218e+00
1.819999999999999951e-01 2.001058932243727551e+00 4.004236850312407725e+00
1.829999999999999960e-01 2.011261816904233779e+00 4.045174096136920028e+00
1.839999999999999969e-01 2.010376712616872563e+00 4.041614526632223203e+00
1.849999999999999978e-01 2.017462208501868748e+00 4.070153762733237812e+00
1.859999999999999987e-01 2.017632213150343912e+00 4.070839747541954878e+00
1.869999999999999996e-01 2.016935842250584976e+00 4.068030191755076075e+00
1.880000000000000004e-01 2.025820066096859939e+00 4.103946940200686733e+00
1.890000000000000013e-01 2.027041089949995989e+00 4.108895580345667931e+00
1.900000000000000022e-01 2.034405258239059489e+00 4.138804754750735171e+00
1.910000000000000031e-01 2.029623471587393091e+00 4.119371436418460597e+00
1.920000000000000040e-01 2.026743728646918541e+00 4.107690141609614543e+00
1.930000000000000049e-01 2.033320761830732959e+00 4.134393320491911439e+00
1.940000000000000058e-01 2.034415042598765933e+00 4.138844565552139088e+00
1.950000000000000067e-01 2.033287200012637630e+00 4.134256837735231116e+00
1.960000000000000075e-01 2.033182923903622985e+00 4.133832802053285072e+00
1.970000000000000084e-01 2.030342325839034068e+00 4.122289960093457495e+00
1.980000000000000093e-01 2.035189643856022190e+00 4.141996886458802152e+00
1.990000000000000102e-01 2.036077775200429318e+00 4.145612706665129821e+00
2.000000000000000111e-01 2.038899671897396626e+00 4.157111872063310898e+00
2.010000000000000120e-01 2.042343033249513606e+00 4.171165065462822952e+00
2.020000000000000129e-01 2.052518343758328534e+00 4.212831551464432778e+00
2.030000000000000138e-01 2.065611644988892603e+00 4.266751467913718621e+00
2.040000000000000147e-01 2.068817429204675040e+00 4.280005555381039883e+00
2.050000000000000155e-01 2.070866375599546672e+00 4.288487545588803407e+00
2.060000000000000164e-01 2.075001260942701098e+00 4.305630232913799205e+00
2.070000000000000173e-01 2.086750324712424387e+00 4.354526917687408627e+00
2.080000000000000182e-01 2.094618673360142846e+00 4.387427386789004125e+00
2.089999999999999913e-01 2.100380274303253803e+00 4.411597296682212566e+00
2.099999999999999922e-01 2.106789196997810532e+00 4.438560720586679942e+00
2.109999999999999931e-01 2.108141059848693821e+00 4.444258728219973698e+00
2.119999999999999940e-01 2.114288598210795289e+00 4.470216276524169530e+00
2.129999999999999949e-01 2.118942938400008025e+00 4.489919176195260597e+00
2.139999999999999958e-01 2.118837262455230963e+00 4.489471344768777961e+00
2.149999999999999967e-01 2.117608352619269496e+00 4.484265135082895704e+00
2.159999999999999976e-01 2.118913749758258191e+00 4.489795478914602178e+00
2.169999999999999984e-01 2.118677047545969305e+00 4.488792431798105831e+00
2.179999999999999993e-01 2.119992285263045062e+00 4.494367289574828561e+00
2.190000000000000002e-01 2.128344177957598671e+00 4.529848939846006672e+00
2.200000000000000011e-01 2.124487906774969570e+00 4.513448866033092699e+00
2.210000000000000020e-01 2.127567281385915443e+00 4.526542536823854768e+00
2.220000000000000029e-01 2.124860031831197205e+00 4.515030154873675983e+00
2.230000000000000038e-01 2.117350782325176706e+00 4.483174335413038669e+00
2.240000000000000047e-01 2.119463381552312509e+00 4.492125025741162681e+00
2.250000000000000056e-01 2.123456594501449857e+00 4.509067908731695162e+00
2.260000000000000064e-01 2.122299038183248943e+00 4.504153207473542864e+00
2.270000000000000073e-01 2.117918498996364640e+00 4.485578768391014215e+00
2.280000000000000082e-01 2.127840187795275728e+00 4.527703864796635003e+00
2.290000000000000091e-01 2.133061954002606342e+00 4.549953299613417101e+00
2.300000000000000100e-01 2.127968847772119254e+00 4.528251417088600128e+00
2.310000000000000109e-01 2.132986157046456110e+00 4.549629946151809712e+00
2.320000000000000118e-01 2.149974434909982524e+00 4.622390070766499548e+00
2.330000000000000127e-01 2.155453545276815319e+00 4.645979985846391713e+00
2.340000000000000135e-01 2.154027290649310533e+00 4.639833568862009372e+00
2.350000000000000144e-01 2.162337831403121857e+00 4.675704897117156200e+00
2.360000000000000153e-01 2.167462805036221685e+00 4.697895011215486250e+00
2.370000000000000162e-01 2.170776186224056659e+00 4.712269250677460164e+00
2.380000000000000171e-01 2.176234029424559679e+00 4.735994550825455285e+00
2.390000000000000180e-01 2.184124547731463473e+00 4.770400040003169195e+00
2.399999999999999911e-01 2.179093947198222470e+00 4.748450430715930537e+00
2.409999999999999920e-01 2.183540294350988287e+00 4.767848217054400983e+00
2.419999999999999929e-01 2.179185077495433998e+00 4.748847601978781086e+00
2.429999999999999938e-01 2.172860833310799489e+00 4.721324200936102500e+00
2.439999999999999947e-01 2.178623288138492153e+00 4.746399431619375164e+00
2.449999999999999956e-01 2.173880384812915789e+00 4.725755927474351026e+00
2.459999999999999964e-01 2.166390346819262458e+00 4.693247134791683983e+00
2.469999999999999973e-01 2.166758884666918572e+00 4.694844064283029361e+00
2.479999999999999982e-01 2.173807871011515402e+00 4.725440660071616783e+00
2.489999999999999991e-01 2.170582766119471874e+00 4.711429544574858852e+00
2.500000000000000000e-01 2.164851328235517958e+00 4.686581273363087163e+00
2.510000000000000009e-01 2.170585771459605962e+00 4.711442591262893664e+00
2.520000000000000018e-01 2.174483684515454485e+00 4.728379294223906903e+00
2.530000000000000027e-01 2.171168529526290580e+00 4.713972783605355765e+00
2.540000000000000036e-01 2.174336930893610020e+00 4.727741089047843737e+00
2.550000000000000044e-01 2.176047918382092217e+00 4.735184543095035892e+00
2.560000000000000053e-01 2.168922093426212783e+00 4.704223047352345866e+00
2.570000000000000062e-01 2.168223716783546529e+00 4.701194086022656649e+00
2.580000000000000071e-01 2.169544492835747462e+00 4.706923306393919759e+00
2.590000000000000080e-01 2.156221333017082298e+00 4.649290436957962847e+00
2.600000000000000089e-01 2.151187247737452957e+00 4.627606574828237562e+00
2.610000000000000098e-01 2.157134408319203445e+00 4.653228855554639942e+00
2.620000000000000107e-01 2.155356987987079087e+00 4.645563745664733624e+00
2.630000000000000115e-01 2.145149528813565798e+00 4.601666500969062490e+00
2.640000000000000124e-01 2.156775234350409409e+00 4.651679411507264383e+00
2.650000000000000133e-01 2.159869442241932003e+00 4.665036007530473761e+00
2.660000000000000142e-01 2.161180705255743018e+00 4.670702040769711516e+00
2.670000000000000151e-01 2.151521600086159225e+00 4.629045195637307764e+00
2.680000000000000160e-01 2.151321534621897680e+00 4.628184345327916560e+00
2.690000000000000169e-01 2.163676290076752551e+00 4.681495088240298585e+00
2.700000000000000178e-01 2.175058253075295323e+00 4.730878404270955073e+00
2.710000000000000187e-01 2.182535167678502752e+00 4.763459758153429924e+00
2.720000000000000195e-01 2.183155905577790268e+00 4.766169708059181609e+00
2.730000000000000204e-01 2.188460146387591898e+00 4.789357812326800357e+00
2.740000000000000213e-01 2.200103568362459683e+00 4.840455711521228110e+00
2.750000000000000222e-01 2.202736555870575152e+00 4.852048334568563881e+00
2.760000000000000231e-01 2.207204019357777547e+00 4.871749583069127532e+00
2.770000000000000240e-01 2.216002250969421272e+00 4.910665976301541669e+00
2.780000000000000249e-01 2.204027611670486220e+00 4.857737713005906954e+00
2.790000000000000258e-01 2.206579571376510174e+00 4.868993404816143844e+00
2.800000000000000266e-01 2.206118802195776496e+00 4.866960169401727931e+00
2.810000000000000275e-01 2.199099813763489841e+00 4.836039990894616558e+00
2.820000000000000284e-01 2.187748521995931839e+00 4.786243595495384362e+00
2.830000000000000293e-01 2.198856086074035598e+00 4.834968087264827297e+00
2.840000000000000302e-01 2.203054973964030605e+00 4.853451218307655246e+00
2.850000000000000311e-01 2.206196660979810265e+00 4.867303706918464812e+00
2.860000000000000320e-01 2.200619513431717689e+00 4.842726242896449484e+00
2.870000000000000329e-01 2.202652940164783857e+00 4.851679974816566876e+00
2.880000000000000338e-01 2.198479098974753576e+00 4.833310348628844899e+00
2.889999999999999791e-01 2.188503037323104916e+00 4.789545544372455055e+00
2.899999999999999800e-01 2.193232033449842078e+00 4.810266752550528935e+00
2.909999999999999809e-01 2.182635251828925593e+00 4.763896642526318281e+00
2.919999999999999818e-01 2.176323211169028493e+00 4.736382719473072100e+00
2.929999999999999827e-01 2.188630276795014762e+00 4.790102488503823253e+00
2.939999999999999836e-01 2.193049028958828917e+00 4.809464043417262857e+00
2.949999999999999845e-01 2.190622916497164230e+00 4.798828762282542293e+00
2.959999999999999853e-01 2.199035911212857464e+00 4.835758938803762952e+00
2.969999999999999862e-01 2.212450327351421109e+00 4.894936450997411370e+00
2.979999999999999871e-01 2.218311961726871839e+00 4.920907959540522292e+00
2.989999999999999880e-01 2.225050138012809597e+00 4.950848116670822918e+00
2.999999999999999889e-01 2.231455530760940942e+00 4.979393785763592817e+00
3.009999999999999898e-01 2.235255813029217720e+00 4.996368549680909155e+00
3.019999999999999907e-01 2.237700966754847087e+00 5.007305616615576938e+00
3.029999999999999916e-01 2.246315387662224605e+00 5.045932820848091360e+00
3.039999999999999925e-01 2.255557222673235440e+00 5.087538384753399257e+00
3.049999999999999933e-01 2.256183535292743514e+00 5.090364144926063261e+00
3.059999999999999942e-01 2.257737468627214472e+00 5.097378477243221795e+00
3.069999999999999951e-01 2.255392888258496153e+00 5.086797080407000848e+00
3.079999999999999960e-01 2.271695983334814706e+00 5.160602640699530674e+00
3.089999999999999969e-01 2.268206876879637512e+00 5.144762436324079147e+00
3.099999999999999978e-01 2.262778067448584451e+00 5.120164582526351538e+00
3.109999999999999987e-01 2.269832461302631277e+00 5.152139402383160594e+00
3.119999999999999996e-01 2.277534011455109919e+00 5.187161173334803976e+00
3.130000000000000004e-01 2.290559807054831865e+00 5.246664229695069182e+00
3.140000000000000013e-01 2.280412435821113082e+00 5.200280877447582384e+00
3.150000000000000022e-01 2.276812464036482631e+00 5.183874996391880430e+00
3.160000000000000031e-01 2.272579143346715291e+00 5.164615962774490754e+00
3.170000000000000040e-01 2.280094913207078022e+00 5.198832813232792560e+00
3.180000000000000049e-01 2.273761906281462686e+00 5.169993206456711121e+00
3.190000000000000058e-01 2.276843751991830533e+00 5.184017470984237264e+00
3.200000000000000067e-01 2.293138051504573394e+00 5.258482123258191088e+00
3.210000000000000075e-01 2.302134566652855874e+00 5.299823562977931779e+00
3.220000000000000084e-01 2.308108562000977138e+00 5.327365133982219447e+00
3.230000000000000093e-01 2.315407538484239414e+00 5.361112069269645453e+00
3.240000000000000102e-01 2.319966297041449188e+00 5.382243619408213497e+00
3.250000000000000111e-01 2.325320662340750744e+00 5.407116182708827878e+00
3.260000000000000120e-01 2.332628996398351084e+00 5.441158034838378121e+00
3.270000000000000129e-01 2.337052309403299333e+00 5.461813496887294228e+00
3.280000000000000138e-01 2.339520226096196698e+00 5.473354888313199496e+00
3.290000000000000147e-01 2.354644993537379882e+00 5.544353045590646900e+00
3.300000000000000155e-01 2.362446166248940660e+00 5.581151888424317420e+00
3.310000000000000164e-01 2.366864586386220992e+00 5.602047970289216750e+00
3.320000000000000173e-01 2.371284899056374851e+00 5.622992072492801086e+00
3.330000000000000182e-01 2.383580194291863741e+00 5.681454542620438808e+00
3.340000000000000191e-01 2.377849863958660936e+00 5.654169975528223091e+00
3.350000000000000200e-01 2.388260188937269213e+00 5.703786730062680554e+00
3.360000000000000209e-01 2.407458681317892424e+00 5.795857302252884757e+00
3.370000000000000218e-01 2.414923452156247929e+00 5.831855279774249112e+00
3.380000000000000226e-01 2.428051171124463004e+00 5.895432489598875669e+00
3.390000000000000235e-01 2.442311846254924035e+00 5.964887154357135124e+00
3.400000000000000244e-01 2.455051484269088480e+00 6.027277790411854852e+00
3.410000000000000253e-01 2.452062125822110694e+00 6.012608668891248342e+00
3.420000000000000262e-01 2.462900409123706780e+00 6.065878425261721496e+00
3.430000000000000271e-01 2.464633966859353986e+00 6.074420590596876224e+00
3.440000000000000280e-01 2.461830466794504790e+00 6.060609247237650266e+00
3.450000000000000289e-01 2.462901401600909868e+00 6.065883314007726845e+00
3.460000000000000298e-01 2.459370870003969145e+00 6.048505076224080845e+00
3.470000000000000306e-01 2.464634300824228408e+00 6.074422236799333241e+00
3.480000000000000315e-01 2.467368635082682005e+00 6.087907981389776957e+00
3.490000000000000324e-01 2.465177809572798751e+00 6.077101632810141041e+00
3.500000000000000333e-01 2.458769435693392236e+00 6.045547137900003420e+00
3.510000000000000342e-01 2.458960933430499374e+00 6.046488872137393500e+00
3.519999999999999796e-01 2.458985177385737408e+00 6.046608102602767154e+00
3.529999999999999805e-01 2.444493605876131515e+00 5.975548989169291225e+00
3.539999999999999813e-01 2.442828827021520155e+00 5.967412678127336001e+00
3.549999999999999822e-01 2.438796543378651815e+00 5.947728579995660070e+00
3.559999999999999831e-01 2.422863057018877164e+00 5.870265393066859794e+00
3.569999999999999840e-01 2.420089877842036774e+00 5.856835016833485064e+00
3.579999999999999849e-01 2.410046871649499156e+00 5.808325923547537961e+00
3.589999999999999858e-01 2.411035217373744377e+00 5.813090819416458110e+00
3.599999999999999867e-01 2.414434889804407014e+00 5.829495837104818001e+00
3.609999999999999876e-01 2.405637105489107697e+00 5.787089883306013149e+00
3.619999999999999885e-01 2.410584942400991526e+00 5.810919764530392051e+00
3.629999999999999893e-01 2.400822291175333412e+00 5.763947673804376670e+00
3.639999999999999902e-01 2.404789766407987806e+00 5.783013820620584333e+00
3.649999999999999911e-01 2.400052948861844282e+00 5.760254157340435555e+00
3.659999999999999920e-01 2.388098605724792822e+00 5.703014950664699434e+00
3.669999999999999929e-01 2.383569874271538769e+00 5.681405345534839668e+00
3.679999999999999938e-01 2.368343181123964136e+00 5.609049423576377258e+00
3.689999999999999947e-01 2.371246257237642485e+00 5.622808812463527595e+00
3.699999999999999956e-01 2.360725118846998427e+00 5.573023086755175548e+00
3.709999999999999964e-01 2.364552314401544564e+00 5.591107647541701198e+00
3.719999999999999973e-01 2.364358387211158874e+00 5.590190583175752792e+00
3.729999999999999982e-01 2.370513705714209163e+00 5.619335228978911800e+00
3.739999999999999991e-01 2.371160497221563634e+00 5.622402103584012600e+00
3.750000000000000000e-01 2.370089654853291705e+00 5.617324972042595732e+00
3.760000000000000009e-01 2.378634041221673989e+00 5.657899902058552755e+00
3.770000000000000018e-01 2.375969895381000896e+00 5.645232943756805177e+00
3.780000000000000027e-01 2.379960023833604943e+00 5.664209715046053972e+00
3.790000000000000036e-01 2.394468322152501383e+00 5.733478545791815151e+00
3.800000000000000044e-01 2.402380088045279027e+00 5.771430087436443479e+00
3.810000000000000053e-01 2.404991250562770411e+00 5.783982915283478299e+00
3.820000000000000062e-01 2.409699805392090610e+00 5.806653152106679983e+00
3.830000000000000071e-01 2.416713934073520420e+00 5.840506239145113021e+00
3.840000000000000080e-01 2.419591982116957585e+00 5.854425359924666949e+00
3.850000000000000089e-01 2.427398508705649327e+00 5.892263520066410187e+00
3.860000000000000098e-01 2.426825567184359933e+00 5.889482333539691084e+00
3.870000000000000107e-01 2.432278360449857679e+00 5.915978022712647721e+00
3.880000000000000115e-01 2.424595104603203044e+00 5.878661421265817033e+00
3.890000000000000124e-01 2.431998577347513901e+00 5.914617080220332390e+00
3.900000000000000133e-01 2.433012813376849603e+00 5.919551350055932026e+00
3.910000000000000142e-01 2.425883336736156082e+00 5.884909963454147075e+00
3.920000000000000151e-01 2.431226218405504014e+00 5.910860925062328519e+00
3.930000000000000160e-01 2.433194709001659906e+00 5.920436491913672938e+00
3.940000000000000169e-01 2.426539305616501441e+00 5.888093001701812490e+00
3.950000000000000178e-01 2.424194480744112479e+00 5.876718880470216178e+00
3.960000000000000187e-01 2.420149978832517590e+00 5.857125920043035450e+00
3.970000000000000195e-01 2.420914214192190439e+00 5.860825632477790315e+00
3.980000000000000204e-01 2.421429085129559233e+00 5.863318814311375249e+00
3.990000000000000213e-01 2.417330959963665649e+00 5.843488969998857030e+00
4.000000000000000222e-01 2.418579693485921389e+00 5.849527733742454494e+00
4.010000000000000231e-01 2.431093376357568836e+00 5.910215004569643327e+00
4.020000000000000240e-01 2.422854645339726609e+00 5.870224632444292823e+00
4.030000000000000249e-01 2.430877433081378491e+00 5.909165094664310836e+00
4.040000000000000258e-01 2.443030938792963180e+00 5.968400167899627462e+00
4.050000000000000266e-01 2.442470793649793137e+00 5.965663577832250652e+00
4.060000000000000275e-01 2.449304219128308979e+00 5.999091157839735011e+00
4.070000000000000284e-01 2.453861638507689236e+00 6.021436940939640436e+00
4.080000000000000293e-01 2.462279647716592912e+00 6.062821063559349355e+00
4.090000000000000302e-01 2.469638425997859432e+00 6.099113955165185175e+00
4.100000000000000311e-01 2.478241719078540850e+00 6.141682018181360725e+00
4.110000000000000320e-01 2.474672775186295581e+00 6.124005344248240945e+00
4.120000000000000329e-01 2.473248420607831566e+00 6.116957750039132335e+00
4.130000000000000338e-01 2.471246172525507490e+00 6.107057645221970255e+00
4.140000000000000346e-01 2.468842732693644848e+00 6.095184438774222890e+00
4.150000000000000355e-01 2.453993182746350143e+00 6.022082540965560504e+00
4.160000000000000364e-01 2.450844420107513244e+00 6.006638371572131874e+00
4.169999999999999818e-01 2.448105530578105871e+00 5.993220688847108235e+00
4.179999999999999827e-01 2.445449088712746022e+00 5.980221245485999759e+00
4.189999999999999836e-01 2.446750712413304107e+00 5.986589048695010185e+00
4.199999999999999845e-01 2.447827328364950539e+00 5.991858629490291577e+00
4.209999999999999853e-01 2.447160221624238297e+00 5.988593150299990953e+00
4.219999999999999862e-01 2.453721394387471388e+00 6.020748681274795899e+00
4.229999999999999871e-01 2.450519681032831354e+00 6.005046707129248595e+00
4.239999999999999880e-01 2.433947280132835900e+00 5.924099362466029639e+00
4.249999999999999889e-01 2.438248457301014138e+00 5.945055539530774702e+00
4.259999999999999898e-01 2.441191520844297802e+00 5.959416041442095135e+00
4.269999999999999907e-01 2.425708041325869146e+00 5.884059501752984644e+00
4.279999999999999916e-01 2.410212567261805106e+00 5.809124619386740740e+00
4.289999999999999925e-01 2.412407950138935053e+00 5.819712117893538483e+00
4.299999999999999933e-01 2.404561446611939601e+00 5.781915750532504283e+00
4.309999999999999942e-01 2.398745468588864949e+00 5.753979823075614064e+00
4.319999999999999951e-01 2.394345518101415937e+00 5.732890460052336934e+00
4.329999999999999960e-01 2.400517683420722914e+00 5.762485148415594338e+00
4.339999999999999969e-01 2.405431689990479072e+00 5.786101615210452742e+00
4.349999999999999978e-01 2.407044432417102531e+00 5.793862899630170205e+00
4.359999999999999987e-01 2.406005557780202864e+00 5.788862744069225741e+00
4.369999999999999996e-01 2.408902065027006767e+00 5.802809158891378161e+00
4.380000000000000004e-01 2.413334077660828747e+00 5.824181370399042379e+00
4.390000000000000013e-01 2.419570602269207615e+00 5.854321899365375614e+00
4.400000000000000022e-01 2.428313820252095745e+00 5.896708009627328551e+00
4.410000000000000031e-01 2.434497405069588893e+00 5.926777615290561130e+00
4.420000000000000040e-01 2.455009753567485298e+00 6.027072890111485393e+00
4.430000000000000049e-01 2.449941470032009239e+00 6.002213206582602822e+00
4.440000000000000058e-01 2.459276005488747252e+00 6.048038471172688446e+00
4.450000000000000067e-01 2.463778421028511190e+00 6.070204107925744275e+00
4.460000000000000075e-01 2.468676761572025313e+00 6.094364953125743334e+00
4.470000000000000084e-01 2.467157916440299914e+00 6.086868184654042224e+00
4.480000000000000093e-01 2.467342081351204364e+00 6.087776946406492584e+00
4.490000000000000102e-01 2.472515934342792931e+00 6.113335045579014526e+00
4.500000000000000111e-01 2.457347172732319951e+00 6.038555127335526684e+00
4.510000000000000120e-01 2.459544043955795622e+00 6.049356904158428527e+00
4.520000000000000129e-01 2.454154118720473399e+00 6.022872438432663955e+00
4.530000000000000138e-01 2.450628730325180360e+00 6.005581173895205183e+00
4.540000000000000147e-01 2.463077735332452445e+00 6.066751930290442019e+00
4.550000000000000155e-01 2.470068807404645295e+00 6.101239913313406760e+00
4.560000000000000164e-01 2.461096079759942157e+00 6.056993913809756158e+00
4.570000000000000173e-01 2.463862366845634977e+00 6.070617762758173441e+00
4.580000000000000182e-01 2.473589990615269407e+00 6.118647441672048437e+00
4.590000000000000191e-01 2.475471397160884379e+00 6.127958638161661753e+00
4.600000000000000200e-01 2.472194381418090003e+00 6.111745059515173217e+00
4.610000000000000209e-01 2.479904402045889800e+00 6.149925843286581539e+00
4.620000000000000218e-01 2.491768308602840598e+00 6.208909303757462084e+00
4.630000000000000226e-01 2.502297504067084510e+00 6.261492798860361475e+00
4.640000000000000235e-01 2.504626607692023388e+00 6.273154443958851800e+00
4.650000000000000244e-01 2.516045173603197238e+00 6.330483315611943773e+00
4.660000000000000253e-01 2.522628596845084559e+00 6.363655037620599586e+00
4.670000000000000262e-01 2.528294826221159308e+00 6.392274728296682973e+00
4.680000000000000271e-01 2.535890822321008820e+00 6.430742262731921954e+00
4.690000000000000280e-01 2.534692229778567896e+00 6.424664699699847326e+00
4.700000000000000289e-01 2.538177640697886428e+00 6.442345735738689072e+00
4.710000000000000298e-01 2.542657853279377544e+00 6.465108958843293507e+00
4.720000000000000306e-01 2.536652873185591073e+00 6.434607799040715115e+00
4.730000000000000315e-01 2.536618180567193015e+00 6.434431793984016323e+00
4.740000000000000324e-01 2.530492781020015070e+00 6.403393714794410663e+00
4.750000000000000333e-01 2.550846699837757470e+00 6.506818886073177488e+00
4.760000000000000342e-01 2.544168745467124459e+00 6.472794605411761104e+00
4.770000000000000351e-01 2.553182694705423472e+00 6.518741872543247773e+00
4.780000000000000360e-01 2.568119646337590378e+00 6.595238517905110953e+00
4.790000000000000369e-01 2.573124607635072447e+00 6.620970246417145155e+00
4.799999999999999822e-01 2.577902439544630386e+00 6.645580987810156159e+00
4.809999999999999831e-01 2.582874795745798480e+00 6.671242210498900427e+00
4.819999999999999840e-01 2.592075984296129842e+00 6.718857908364750386e+00
4.829999999999999849e-01 2.601085891573032161e+00 6.765647815340276594e+00
4.839999999999999858e-01 2.603872399391528258e+00 6.780151472312994976e+00
4.849999999999999867e-01 2.605525922080996093e+00 6.788765330636024942e+00
4.859999999999999876e-01 2.619497610094601026e+00 6.861767729291326390e+00
4.869999999999999885e-01 2.612914049876314149e+00 6.827319832041042424e+00
4.879999999999999893e-01 2.615971711093989072e+00 6.843307993244013510e+00
4.889999999999999902e-01 2.622052958227615971e+00 6.875161715750192748e+00
4.899999999999999911e-01 2.627896943854896250e+00 6.905842347521902624e+00
4.909999999999999920e-01 2.628961599431896889e+00 6.911439091287517655e+00
4.919999999999999929e-01 2.629480567144372394e+00 6.914168052989889901e+00
4.929999999999999938e-01 2.639062009362282080e+00 6.964648289259285363e+00
4.939999999999999947e-01 2.647140481938413448e+00 7.007352731117136635e+00
4.949999999999999956e-01 2.661405195624042097e+00 7.083077615294645746e+00
4.959999999999999964e-01 2.677671064599838502e+00 7.169922330195231730e+00
4.969999999999999973e-01 2.682360528130397270e+00 7.195058002871983049e+00
4.979999999999999982e-01 2.696015563397574866e+00 7.268499918081944067e+00
4.989999999999999991e-01 2.705511211971469709e+00 7.319790918103330490e+00
5.000000000000000000e-01 2.718121306170850904e+00 7.388183435059932691e+00
